time,open,high,low,close,volume,cci,macd,macdsignal,macdhist,rsi
2018-01-02,7.55,7.55,7.55,7.55,0,,,,,
2018-01-03,7.55,7.55,7.55,7.55,0,,,,,
2018-01-04,8.21,8.21,8.21,8.21,100,,,,,
2018-01-05,7.43,7.73,7.43,7.73,7734,,,,,
2018-01-08,7.19,7.19,7.13,7.19,9400,,,,,
2018-01-09,7.19,7.19,7.19,7.19,66,,,,,
2018-01-10,7.19,7.19,7.19,7.19,0,,,,,
2018-01-11,7.19,7.19,7.19,7.19,0,,,,,
2018-01-12,7.19,7.19,6.89,6.89,1100,,,,,
2018-01-15,6.89,6.89,6.89,6.89,0,,,,,
2018-01-16,6.89,6.95,6.89,6.95,2000,,,,,
2018-01-17,6.95,6.95,6.95,6.95,0,,,,,
2018-01-18,6.89,6.89,6.89,6.89,2000,,,,,
2018-01-19,6.89,6.89,6.89,6.89,0,-78.54785478547848,,,,
2018-01-22,6.89,6.89,6.89,6.89,0,-73.36400817995901,,,,34.285714285714306
2018-01-23,6.23,6.59,6.23,6.59,10000,-152.47185511502678,,,,29.714285714285744
2018-01-24,6.59,6.59,6.59,6.59,0,-131.45539906103275,,,,29.714285714285747
2018-01-25,6.59,6.59,6.59,6.59,0,-126.66666666666681,,,,29.714285714285744
2018-01-26,6.59,6.59,6.59,6.59,500,-105.53030303030272,,,,29.714285714285747
2018-01-29,6.59,6.59,6.59,6.59,11000,-84.89415141729485,,,,29.714285714285747
2018-01-30,6.59,6.59,6.59,6.59,0,-70.66085693536705,,,,29.714285714285747
2018-01-31,6.59,6.59,6.59,6.59,0,-60.055096418733136,,,,29.714285714285747
2018-02-01,6.59,6.59,6.59,6.59,0,-52.177554438861335,,,,29.714285714285747
2018-02-02,6.59,6.59,6.59,6.59,2500,-46.044444444445126,,,,29.714285714285754
2018-02-05,6.59,6.59,6.59,6.59,0,-40.67278287461823,,,,29.714285714285754
2018-02-06,6.59,6.59,6.59,6.59,0,-35.47758284600445,,,,29.714285714285754
2018-02-07,6.59,6.59,6.59,6.59,0,-30.10752688172174,,,,29.714285714285754
2018-02-08,6.59,6.59,6.59,6.59,0,-20.895522388062393,,,,29.714285714285754
2018-02-09,6.59,6.59,6.59,6.59,0,35.897435897430604,,,,29.714285714285758
2018-02-12,5.99,5.99,5.99,5.99,1200,-466.6666666666782,,,,16.954568646174994
2018-02-13,5.99,5.99,5.99,5.99,1,-233.33333333333533,,,,16.954568646174994
2018-02-21,5.39,5.39,5.39,5.39,133,-254.54545454545638,,,,11.31799995329262
2018-02-22,5.39,5.39,5.39,5.39,0,-171.1111111111118,,,,11.31799995329262
2018-02-23,5.39,5.39,5.39,5.39,0,-129.62962962963013,-0.44757977485410994,-0.3399291537576721,-0.10765062109643786,11.317999953292619
2018-02-26,5.39,5.39,5.39,5.39,0,-105.00000000000026,-0.46470761585466924,-0.3648848461770715,-0.09982276967759773,11.317999953292617
2018-02-27,5.39,5.39,5.39,5.39,0,-88.888888888889,-0.47283105121573765,-0.38647408718480475,-0.0863569640309329,11.317999953292615
2018-02-28,4.85,4.85,4.85,4.85,100,-131.50584795321652,-0.516884101128646,-0.412556089973573,-0.10432801115507301,7.895883868635184
2018-03-01,5.33,5.33,5.33,5.33,400,-63.58974358974356,-0.5072175835261818,-0.4314883886840948,-0.07572919484208707,28.570402758307818
2018-03-02,5.81,5.81,5.81,5.81,110,0.5698005698004733,-0.4555732454213892,-0.4363053600315537,-0.019267885389835537,42.47601256567895
2018-03-05,5.81,5.81,5.81,5.81,0,8.974358974358916,-0.4099194392661083,-0.4310281758784646,0.021108736612356294,42.47601256567896
2018-03-06,5.81,5.81,5.81,5.81,0,19.780219780219774,-0.369479341118625,-0.4187184089264967,0.049239067807871684,42.47601256567894
2018-03-07,5.81,5.81,5.81,5.81,100,34.18803418803408,-0.33358491275670943,-0.40169170969253926,0.06810679693582983,42.47601256567895
2018-03-08,5.81,5.81,5.81,5.81,0,54.358974358974095,-0.30166095990612884,-0.3816855597352572,0.08002459982912835,42.47601256567894
2018-03-09,5.81,5.81,5.81,5.81,0,60.215053763440714,-0.27321158419805514,-0.35999076462781676,0.08677918042976163,42.476012565678936
2018-03-12,5.81,5.81,5.81,5.81,0,66.6666666666664,-0.24780866494873166,-0.33755434469199974,0.08974567974326808,42.47601256567894
2018-03-13,5.81,5.81,5.81,5.81,0,58.33333333333324,-0.22508206251750895,-0.3150598882571016,0.08997782573959262,42.47601256567894
2018-03-14,5.27,5.27,5.27,5.27,600,-77.7777777777781,-0.24778820519940048,-0.30160555164556135,0.053817346446160874,30.422040769727065
2018-03-15,5.15,5.15,5.15,5.15,100,-96.551724137931,-0.27232677048920806,-0.2957497954142907,0.023423024925082636,28.487353788958696
2018-03-16,5.15,5.15,5.15,5.15,0,-86.55913978494628,-0.288448703175078,-0.29428957696644814,0.00584087379137016,28.487353788958693
2018-03-19,4.79,4.79,4.79,4.79,100,-134.49074074074068,-0.3265106310266841,-0.30073378777849535,-0.02577684324818874,23.32610092432083
2018-03-20,5.27,5.27,5.27,5.27,100,-54.74358974358981,-0.31431971260812297,-0.3034509727444209,-0.01086873986370207,39.15501831126853
2018-03-21,5.27,5.27,5.27,5.27,0,-53.030303030303045,-0.3011864322219786,-0.30299806463993245,0.0018116324179538457,39.155018311268535
2018-03-22,5.75,5.75,5.75,5.75,100,47.38186462324407,-0.24917390277731233,-0.29223323226740844,0.04305932949009611,50.90877944355683
2018-03-23,5.75,5.75,5.75,5.75,0,48.83720930232575,-0.2055837568844563,-0.274903337190818,0.0693195803063617,50.90877944355683
2018-03-26,5.75,5.75,5.75,5.75,0,50.32679738562111,-0.16908909834293784,-0.25374048942124194,0.0846513910783041,50.90877944355682
2018-03-27,5.75,5.75,5.75,5.75,0,51.851851851852075,-0.138569475857782,-0.23070628670854995,0.09213681085076794,50.90877944355682
2018-03-28,5.75,5.75,5.75,5.75,0,53.41365461847415,-0.11307895139382573,-0.2071808196456051,0.09410186825177938,50.90877944355682
2018-03-29,5.75,5.75,5.75,5.75,0,55.01355013550147,-0.0918190937494856,-0.1841084744663812,0.0922893807168956,50.90877944355682
2018-03-30,5.75,5.75,5.75,5.75,0,56.652949245541976,-0.07411613868626166,-0.1621100073103573,0.08799386862409564,50.90877944355682
2018-04-02,5.99,5.99,5.99,5.99,10000,103.70370370370375,-0.040256374591869815,-0.1377392807666598,0.09748290617479,57.76231934995876
2018-04-03,5.99,5.99,5.99,5.99,0,91.86351706036747,-0.013269307286099874,-0.11284528607054782,0.09957597878444795,57.76231934995876
2018-04-04,6.59,6.59,6.59,6.59,100,198.42519685039363,0.055888871455299416,-0.07909845456537837,0.13498732602067778,69.93291465450905
2018-04-05,6.59,6.59,6.59,6.59,0,183.60655737704928,0.10943571951246067,-0.04139161974981056,0.15082733926227124,69.93291465450903
2018-04-06,6.59,6.59,6.59,6.59,0,142.6415094339625,0.15014124754000857,-0.0030850462918467284,0.1532262938318553,69.93291465450903
2018-04-09,6.59,6.59,6.59,6.59,0,116.66666666666654,0.18032203163520943,0.03359636929356451,0.1467256623416449,69.93291465450903
2018-04-10,6.59,6.59,6.59,6.59,0,93.33333333333324,0.20191299317264466,0.06725969406938054,0.13465329910326412,69.93291465450905
2018-04-11,6.59,6.59,6.59,6.59,0,77.7777777777776,0.21652798590798383,0.0971133524371012,0.11941463347088263,69.93291465450905
2018-04-12,5.99,5.99,5.99,5.99,100,-31.111111111111313,0.17764767553358585,0.11322021705639813,0.06442745847718771,48.24657181437286
2018-04-13,5.99,5.99,5.99,5.99,0,-35.64814814814831,0.14516141896636725,0.11960845743839196,0.025552961527975288,48.24657181437286
2018-04-16,5.99,5.99,5.99,5.99,0,-40.57971014492765,0.11805496246536862,0.11929775844378729,-0.0012427959784186704,48.24657181437286
2018-04-17,6.59,6.59,6.59,6.59,4500,66.66666666666669,0.14333560238663345,0.12410532723235652,0.01923027515427693,62.69512424387705
2018-04-18,7.25,7.25,7.25,7.25,2500,167.1280276816608,0.21415849004703524,0.14211595979529226,0.07204253025174298,71.96643140183448
2018-04-19,7.97,7.97,7.19,7.19,3400,182.3506743737957,0.26241963006533275,0.16617669384930037,0.09624293621603239,70.25697965895631
2018-04-20,7.79,7.91,7.79,7.79,26900,211.21760738374158,0.34510377532108905,0.2019621101436581,0.14314166517743093,76.31560232629904
2018-04-23,8.09,8.09,7.91,7.97,11800,164.86338797814182,0.42031096860897676,0.24563188183672185,0.1746790867722549,77.77803927493258
2018-04-24,7.97,7.97,7.97,7.97,11100,123.52474798957978,0.47444411470508285,0.29139432841039403,0.18304978629468882,77.77803927493257
2018-04-26,7.97,7.97,7.97,7.97,11100,100.16122531237401,0.511449353216789,0.335405333371673,0.17604401984511597,77.77803927493258
2018-04-27,7.97,7.97,7.97,7.97,4070,84.62046204620468,0.5346135787947155,0.3752469824562815,0.15936659633843397,77.77803927493258
2018-05-02,7.97,7.97,7.97,7.97,0,73.65710080941874,0.5466697261415847,0.4095315311933422,0.13713819494824253,77.77803927493258
2018-05-03,7.67,7.67,7.67,7.67,100,41.06666666666668,0.5259539472692838,0.4328160144085305,0.09313793286075328,67.68788276208178
2018-05-04,7.61,7.61,7.61,7.61,2100,30.46867091810926,0.4989435342238142,0.44604151837158723,0.05290201585222698,65.8479669082542
2018-05-07,7.67,7.67,7.67,7.67,1000,29.790897908979094,0.47688188828535427,0.45220959235434066,0.02467229593101361,66.81927625918615
2018-05-08,7.79,8.39,7.79,7.79,17200,66.37931034482757,0.463735221088152,0.45451471810110294,0.009220502987049073,68.73450643257645
2018-05-09,7.79,7.79,7.79,7.79,3300,23.194856577645982,0.4481503938414759,0.45324185324917754,-0.005091459407701615,68.73450643257647
2018-05-10,7.97,7.97,7.97,7.97,100,62.76211135213274,0.4451919064676826,0.45163186389287857,-0.006439957425195986,71.58752628275157
2018-05-11,8.39,8.51,7.79,7.79,11200,79.02222222222166,0.4234416168561035,0.44599381448552355,-0.022552197629420068,65.18203958842598
2018-05-14,8.39,8.57,8.39,8.51,21100,253.44277245782072,0.4590111436065065,0.4485972803097201,0.010413863296786396,74.8687053485669
2018-05-15,8.39,8.51,7.91,7.91,13410,75.62326869806073,0.4337848623584577,0.44563479671946765,-0.01184993436100995,59.91055848709564
2018-05-16,7.91,7.91,7.91,7.91,0,-12.229885057471485,0.40907726465860783,0.43832329030729567,-0.029246025648687834,59.91055848709564
2018-05-17,8.09,8.09,8.09,8.09,2200,62.42825607063986,0.39941658538198954,0.43054194932223444,-0.0311253639402449,62.516183385689125
2018-05-18,7.31,7.31,7.31,7.31,100,-190.36303630363105,0.32507369893584137,0.40944829924495585,-0.08437460030911448,47.96718996240919
2018-05-21,6.59,6.59,6.59,6.59,100,-261.41975308642037,0.20568740671807983,0.36869612073958064,-0.1630087140215008,38.95506842924911
2018-05-22,6.89,6.89,6.89,6.89,1000,-149.65163182985,0.1337387457871495,0.3217046457490944,-0.1879658999619449,43.70135691673113
2018-05-23,6.89,6.89,6.77,6.77,5600,-128.29028290282946,0.0662719744505269,0.2706181114893809,-0.20434613703885401,42.28511731214516
2018-05-24,7.07,7.07,7.07,7.07,100,-74.90667772708433,0.036589780674535,0.22381244532641173,-0.18722266465187673,46.91665092550025
2018-05-25,7.07,7.07,7.07,7.07,0,-63.63636363636363,0.012917523093064709,0.18163346087974233,-0.16871593778667762,46.91665092550024
2018-05-28,7.37,7.37,7.37,7.37,1000,-21.245421245421333,0.018155298229028283,0.1489378283495995,-0.13078253012057123,51.43642778827145
2018-05-29,7.79,7.79,7.79,7.79,1900,32.60073260073251,0.05555634372610552,0.1302615314249007,-0.0747051876987952,56.961393644659495
2018-05-30,7.79,7.79,7.79,7.79,0,35.11737089201875,0.08422603642351856,0.12105443242462428,-0.036828396001105726,56.96139364465951
2018-05-31,8.15,8.45,8.09,8.45,13560,99.09909909909896,0.15837777815028264,0.12851910156975596,0.029858676580526683,64.35253681261578
2018-06-01,8.21,8.21,8.21,8.21,4500,89.8876404494381,0.19552369798577907,0.14192002085296057,0.053603677132818495,60.29741330474365
2018-06-04,8.21,8.21,8.21,8.21,0,87.71929824561404,0.22239843634138623,0.1580157039506457,0.06438273239074052,60.29741330474364
2018-06-05,8.21,8.21,8.21,8.21,3100,81.56028368794317,0.24091968791525087,0.17459650074356675,0.06632318717168412,60.29741330474364
2018-06-06,8.21,8.21,8.21,8.21,0,79.23211169284451,0.2526851164940309,0.19021422389365958,0.062470892600371336,60.29741330474365
2018-06-07,8.21,8.51,8.21,8.51,8700,88.9438943894386,0.2829550663321738,0.20876239238136243,0.07419267395081139,64.10081147105102
2018-06-08,8.51,8.51,8.39,8.39,2300,84.26687557122321,0.2938736302642555,0.22578463995794104,0.06808899030631446,61.5604279046149
2018-06-11,8.51,8.51,8.51,8.51,2230,84.91930996104587,0.3086517230285448,0.2423580565720618,0.06629366645648302,63.13386039543148
2018-06-12,8.57,8.57,8.57,8.57,1300,87.41594620557137,0.3214989270686175,0.2581862306713729,0.06331269639724457,63.92889082967893
2018-06-13,8.57,8.57,8.57,8.57,200,85.36585365853654,0.32790059488270806,0.27212910351363995,0.055771491369068116,63.92889082967893
2018-06-14,8.39,8.39,8.39,8.39,200,47.953216374268465,0.3148204133138863,0.2806673654736892,0.034153047840197126,59.46696366693439
2018-06-15,8.51,8.51,8.51,8.51,700,73.83966244725676,0.31055736036607673,0.2866453644521667,0.023911995913910022,61.401127890256376
2018-06-18,8.51,8.63,8.51,8.63,6200,95.63786008230463,0.3132508959725939,0.29196647075625215,0.021284425216341774,63.28772923194137
2018-06-19,8.63,8.69,8.57,8.57,7600,101.83150183150092,0.3070050803255917,0.29497419267012004,0.012030887655471667,61.664807439668024
2018-06-20,8.57,8.57,8.57,8.57,0,70.85889570552155,0.2986130016240871,0.29570195446091346,0.002911047163173641,61.66480743966803
2018-06-21,8.57,8.57,8.57,8.57,0,62.376237623761945,0.2886350140189293,0.29428856637251666,-0.005653552353587332,61.66480743966803
2018-06-22,8.09,8.09,8.09,8.09,190,-177.6758409785938,0.23923761616282135,0.2832783763305776,-0.044040760167756265,49.08737659599686
2018-06-25,8.09,8.09,8.09,8.09,0,-161.53846153846175,0.19780959657569674,0.26618462037960144,-0.0683750238039047,49.087376595996844
2018-06-26,8.09,8.09,8.09,8.09,0,-147.27030625832353,0.1630975060550064,0.24556719751468242,-0.08246969145967603,49.08737659599685
2018-06-27,8.09,8.09,8.09,8.09,100,-115.2327746741164,0.13404276270056315,0.22326231055185858,-0.08921954785129543,49.08737659599685
2018-06-28,8.57,8.57,8.57,8.57,10000,54.19354838709642,0.14804212032656316,0.2082182725067995,-0.060176152180236336,60.047931888472014
2018-06-29,8.57,8.57,8.57,8.57,1000,51.85185185185192,0.15732318832042047,0.19803925566952368,-0.04071606734910321,60.04793188847201
2018-07-02,8.57,8.57,8.57,8.57,3000,51.85185185185192,0.1628018234914439,0.19099176923390773,-0.028189945742463834,60.047931888472014
2018-07-03,8.57,8.57,8.57,8.57,0,51.85185185185192,0.16523891003863866,0.1858411973948539,-0.02060228735621525,60.04793188847201
2018-07-04,8.51,8.57,8.51,8.57,1140,40.51603905160372,0.16526524382873653,0.18172600668163044,-0.016460762852893912,60.04793188847201
2018-07-05,7.73,8.57,7.73,8.57,22000,-41.06666666666626,0.163402511113528,0.17806130756800995,-0.014658796454481954,60.04793188847199
2018-07-06,8.57,8.57,8.57,8.57,0,51.1222780569519,0.16008096826128515,0.174465239706665,-0.014384271445379848,60.04793188847201
2018-07-09,8.57,8.57,8.57,8.57,3830,52.58883248730983,0.15565433533418727,0.17070305883216946,-0.015048723497982197,60.04793188847201
2018-07-10,8.57,8.57,8.57,8.57,0,52.58883248730983,0.15041233705416168,0.1666449144765679,-0.01623257742240622,60.04793188847199
2018-07-11,8.57,8.57,8.57,8.57,0,52.58883248730983,0.14459125763757008,0.16223418310876833,-0.01764292547119825,60.04793188847199
2018-07-12,8.57,8.57,8.57,8.57,0,47.42990654205639,0.13838281926118157,0.15746391033925097,-0.019081091078069407,60.04793188847201
2018-07-13,7.73,7.73,7.73,7.73,100,-217.56756756756735,0.06493309894622001,0.1389577480606448,-0.07402464911442477,32.43575459582874
2018-07-16,7.07,7.07,7.07,7.07,100,-269.8576972833111,-0.04600252920876535,0.10196569260676275,-0.1479682218155281,23.35033412704209
2018-07-17,7.49,7.55,7.49,7.55,4500,-139.02884264329978,-0.09410306375516342,0.0627519413343775,-0.15685500508954092,37.14061568319054
2018-07-18,7.55,7.55,7.55,7.55,158040,-104.45482866043629,-0.13071626815755266,0.02405829943599147,-0.15477456759354413,37.14061568319054
2018-07-19,7.55,7.55,7.55,7.55,0,-84.48956570783976,-0.15791218308070576,-0.012335797067347977,-0.1455763860133578,37.14061568319054
2018-07-20,7.55,7.55,7.55,7.55,0,-70.7696433360151,-0.17741995479450878,-0.04535262861278014,-0.13206732618172864,37.14061568319054
2018-07-23,7.55,7.55,7.55,7.55,118200,-60.707635009310934,-0.19068194169512864,-0.07441849122924984,-0.1162634504658788,37.14061568319054
2018-07-24,7.55,7.55,7.55,7.55,0,-52.960526315789444,-0.1988993736919653,-0.09931466772179294,-0.09958470597017237,37.14061568319054
2018-07-25,7.55,7.55,7.55,7.55,0,-46.96140350877185,-0.20307087313459338,-0.12006590880435303,-0.08300496433024035,37.14061568319054
2018-07-26,7.55,7.55,7.55,7.55,0,-41.69835234474019,-0.2040249439442361,-0.13685771583232964,-0.06716722811190645,37.14061568319054
2018-07-27,7.55,7.55,7.55,7.55,0,-36.934334681301756,-0.20244736473305291,-0.14997564561247428,-0.05247171912057863,37.14061568319054
2018-07-30,7.55,7.55,7.55,7.55,110000,-30.967078189300224,-0.19890427714898617,-0.15976137191977666,-0.03914290522920952,37.14061568319054
2018-07-31,7.25,7.25,7.25,7.25,50000,-134.1666666666666,-0.21779326235065355,-0.17136775000595203,-0.04642551234470152,30.050657192898512
2018-08-01,7.25,7.25,7.25,7.25,33,-123.84034519956728,-0.2301103503308699,-0.18311627007093562,-0.04699408025993429,30.050657192898512
2018-08-02,7.25,7.25,7.25,7.25,0,-95.23809523809409,-0.23713815031159946,-0.1939206461190684,-0.043217504192531064,30.050657192898512
2018-08-03,7.25,7.25,7.25,7.25,0,-116.66666666666569,-0.2399418323442326,-0.20312488336410123,-0.03681694898013138,30.050657192898512
2018-08-06,7.25,7.25,7.25,7.25,0,-93.33333333333296,-0.2394040694655919,-0.21038072058439936,-0.02902334888119254,30.050657192898505
2018-08-07,7.25,7.25,7.25,7.25,0,-77.7777777777775,-0.23625449376904317,-0.21555547522132812,-0.020699018547715053,30.050657192898512
2018-08-08,7.19,7.19,7.19,7.19,40700,-88.8888888888885,-0.23588084336554704,-0.2196205488501719,-0.01626029451537514,28.36153003029654
2018-08-09,7.19,7.19,7.19,7.19,40000,-77.7777777777774,-0.23289999654382765,-0.22227643838890304,-0.010623558154924606,28.36153003029654
2018-08-10,7.19,7.19,7.19,7.19,35000,-69.99999999999963,-0.22791044423001505,-0.22340323955712543,-0.00450720467288962,28.361530030296535
2018-08-13,7.19,7.91,7.19,7.91,12700,133.8501291989672,-0.16396808336614477,-0.2115162083189293,0.04754812495278454,61.11780228191258
2018-08-14,7.91,7.91,7.91,7.91,0,185.47008547008585,-0.11200220994440979,-0.1916134086440254,0.07961119869961561,61.11780228191258
2018-08-15,7.91,7.91,7.91,7.91,6000,150.45537340619333,-0.07001182809040785,-0.16729309253330188,0.09728126444289403,61.11780228191257
2018-08-16,7.91,7.91,7.91,7.91,0,124.4444444444446,-0.03631552517812242,-0.141097579062266,0.10478205388414358,61.11780228191258
2018-08-17,7.91,7.91,7.91,7.91,0,104.36005625879052,-0.00950143571489992,-0.11477835039279279,0.10527691467789287,61.11780228191258
2018-08-20,7.91,7.91,7.91,7.91,0,86.2516212710766,0.011615032505173595,-0.08949967381319951,0.1011147063183731,61.11780228191258
2018-08-21,7.91,7.91,7.91,7.91,0,73.68421052631604,0.028026908945342655,-0.06599435726149108,0.09402126620683374,61.11780228191258
2018-08-22,7.91,7.91,7.91,7.91,0,64.52020202020223,0.04056582172387646,-0.04468232146441757,0.08524814318829403,61.11780228191258
2018-08-23,7.91,7.91,7.91,7.91,0,57.636122177955045,0.04992746767031875,-0.025760363637470307,0.07568783130778906,61.11780228191258
2018-08-24,7.91,7.91,7.91,7.91,0,51.85185185185225,0.05669311657228526,-0.009269667595519192,0.06596278416780446,61.11780228191259
2018-08-27,7.91,7.91,7.91,7.91,0,46.666666666667076,0.06134776324394231,0.00485381857237311,0.0564939446715692,61.11780228191258
2018-08-28,7.91,7.91,7.91,7.91,0,42.42424242424287,0.06429544638277385,0.016742144134453258,0.04755330224832059,61.11780228191258
2018-08-29,7.91,7.91,7.91,7.91,0,38.888888888889475,0.06587217309971827,0.026568149927506262,0.039304023172212,61.11780228191259
2018-08-30,7.91,7.91,7.91,7.91,0,35.89743589743869,0.06635682026427947,0.0345258839948609,0.03183093626941857,61.11780228191258
2018-08-31,7.91,7.91,7.91,7.91,0,66.66666666666667,0.06598032650130925,0.04081677249615057,0.025163554005158677,61.11780228191259
2018-09-04,7.91,7.91,7.91,7.91,0,66.66666666666667,0.06493344020267067,0.045640106037454595,0.019293334165216072,61.11780228191259
2018-09-05,7.91,7.91,7.91,7.91,0,66.66666666666667,0.06337324791510213,0.0491867344129841,0.014186513502118026,61.11780228191259
2018-09-06,7.91,7.91,7.91,7.91,0,66.66666666666667,0.0614286727847837,0.05163512208734402,0.00979355069743968,61.1178022819126
2018-09-07,7.91,7.91,7.91,7.91,0,66.66666666666667,0.0592051034059331,0.053149118351061835,0.006055985054871267,61.11780228191259
2018-09-10,7.91,7.91,7.91,7.91,0,66.66666666666667,0.05678828861160934,0.053876952403171335,0.0029113362084380034,61.11780228191259
2018-09-11,7.91,7.91,7.91,7.91,0,66.66666666666667,0.054247612762932995,0.053951084475123666,0.0002965282878093292,61.11780228191259
2018-09-12,7.91,7.91,7.91,7.91,0,66.66666666666667,0.051638848348580346,0.053488637249815,-0.0018497889012346544,61.11780228191259
2018-09-13,7.91,7.91,7.91,7.91,100,66.66666666666667,0.04900646770088457,0.05259220334002891,-0.0035857356391443412,61.11780228191259
2018-09-14,7.91,7.91,7.91,7.91,0,66.66666666666667,0.046385582946126824,0.0513508792612485,-0.004965296315121673,61.1178022819126
2018-09-17,7.91,7.91,7.91,7.91,0,66.66666666666667,0.04380357257762846,0.04984141792452449,-0.006037845346896033,61.1178022819126
2018-09-18,7.91,7.91,7.91,7.91,0,66.66666666666667,0.04128144396894573,0.04812942313340874,-0.00684797916446301,61.1178022819126
2018-09-19,7.91,7.91,7.91,7.91,0,66.66666666666667,0.038834973475317724,0.04627053320179054,-0.007435559726472814,61.11780228191259
2018-09-20,7.91,7.91,7.91,7.91,0,66.66666666666667,0.03647565928828378,0.04431155841908919,-0.007835899130805409,61.1178022819126
2018-09-21,7.91,7.91,7.91,7.91,0,66.66666666666667,0.034211516728205105,0.04229155008091237,-0.008080033352707267,61.1178022819126
2018-09-24,7.91,7.91,7.91,7.91,0,66.66666666666667,0.03204774102753749,0.040242788270237397,-0.008195047242699906,61.11780228191262
2018-09-25,7.91,7.91,7.91,7.91,0,66.66666666666667,0.029987258743224388,0.03819168236483479,-0.008204423621610404,61.11780228191262
2018-09-26,7.91,7.91,7.91,7.91,0,66.66666666666667,0.02803118562881135,0.0361595830176301,-0.00812839738881875,61.11780228191262
2018-09-27,7.91,7.91,7.91,7.91,0,66.66666666666667,0.02617920600209178,0.034163507614522436,-0.007984301612430654,61.11780228191262
2018-09-28,7.91,7.91,7.91,7.91,0,66.66666666666667,0.024429886283128255,0.0322167833482436,-0.007786897065115345,61.11780228191262
2018-10-01,7.91,7.91,7.91,7.91,100,66.66666666666667,0.022780933383277358,0.030329613355250352,-0.007548679971972994,61.11780228191262
2018-10-02,7.91,7.91,7.91,7.91,1200,66.66666666666667,0.021229406941704276,0.028509572072541137,-0.00728016513083686,61.1178022819126
2018-10-03,7.91,7.91,7.91,7.91,0,66.66666666666667,0.019771892983871275,0.026762036254807164,-0.006990143270935889,61.11780228191262
2018-10-04,7.91,7.91,7.91,7.91,0,66.66666666666667,0.018404645376065787,0.02509055807905889,-0.006685912702993103,61.11780228191262
2018-10-05,7.91,7.91,7.91,7.91,0,66.66666666666667,0.017123700436890488,0.02349718655062521,-0.006373486113734721,61.1178022819126
2018-10-08,7.91,8.22,8.22,8.22,11,466.6666666666912,0.04065431394110419,0.026928612028721006,0.013725701912383186,91.44143107726991
2018-10-09,8.22,8.22,8.22,8.22,0,233.3333333333411,0.05862668276701477,0.033268226176379756,0.025358456590635015,91.44143107726991
2018-10-10,8.22,8.22,8.22,8.22,0,155.55555555555858,0.07203948816888683,0.04102247857488117,0.031017009594005662,91.4414310772699
2018-10-11,8.22,8.22,8.22,8.22,0,116.6666666666689,0.081727133561591,0.049163409572223135,0.03256372398936787,91.44143107726991
2018-10-12,8.22,8.22,8.22,8.22,0,93.3333333333346,0.08838580578024491,0.05700788881382749,0.03137791696641742,91.4414310772699
2018-10-15,8.22,8.22,8.22,8.22,0,77.77777777777895,0.09259546856374534,0.06412540476381107,0.028470063799934275,91.44143107726991
2018-10-16,8.22,8.22,8.22,8.22,0,66.66666666666706,0.09483841839624674,0.0702680074902982,0.02457041090594854,91.44143107726991
2018-10-17,8.22,8.22,8.22,8.22,0,58.333333333333826,0.09551493557673929,0.07531739310758642,0.020197542469152868,91.4414310772699
2018-10-18,8.22,8.22,8.22,8.22,0,51.85185185185245,0.09495648111043842,0.07924521070815682,0.015711270402281596,91.44143107726993
2018-10-19,7.97,7.97,7.97,7.97,2600,-69.94780014914171,0.07349380047603837,0.07809492866173313,-0.004601128185694761,41.09025240317322
2018-10-22,7.97,7.97,7.97,7.97,0,-75.05827505827436,0.05584077376274976,0.07364409768193646,-0.017803323919186695,41.09025240317322
2018-10-23,7.97,7.97,7.97,7.97,0,-80.61638280616317,0.04137369273367497,0.06719001669228417,-0.025816323958609194,41.090252403173224
2018-10-24,7.97,7.97,7.97,7.97,0,-86.68363019507997,0.02956759001592424,0.05966553135701218,-0.03009794134108794,41.090252403173224
2018-10-25,7.78,7.78,7.78,7.78,2000,-169.9588477366235,0.00482414668987019,0.04869725442358378,-0.04387310773371359,26.29129912046006
2018-10-26,7.78,7.78,7.78,7.78,0,-132.8014184397157,-0.014616717986552175,0.03603445994155659,-0.05065117792810876,26.29129912046006
2018-10-29,7.78,7.78,7.78,7.78,0,-110.34482758620621,-0.029681592385612632,0.02289124947612274,-0.05257284186173537,26.29129912046006
2018-10-30,7.78,7.78,7.78,7.78,0,-95.81320450885651,-0.041146304893302066,0.010083738602237779,-0.05123004349553985,26.291299120460053
2018-10-31,7.78,7.78,7.78,7.78,0,-86.33333333333304,-0.049659725748121275,-0.001864954267834033,-0.04779477148028724,26.291299120460053
2018-11-01,7.78,7.78,7.78,7.78,0,-77.77777777777764,-0.05576386202186079,-0.012644735818639384,-0.043119126203221406,26.291299120460053
2018-11-02,7.78,7.78,7.78,7.78,0,-66.66666666666669,-0.05991081936428522,-0.02209795252776855,-0.03781286683651666,26.291299120460053
2018-11-05,7.78,7.78,7.78,7.78,0,-58.33333333333349,-0.062477115636962566,-0.030173785149607356,-0.03230333048735521,26.29129912046006
2018-11-06,7.78,7.78,7.78,7.78,0,-51.85185185185176,-0.06377575669804081,-0.036894179459294046,-0.026881577238746762,26.29129912046006
2018-11-07,7.78,7.78,7.78,7.78,0,-46.66666666666674,-0.06406642127070228,-0.04232862782157569,-0.02173779344912659,26.29129912046006
2018-11-08,7.78,7.78,7.78,7.78,0,-42.42424242424293,-0.06356404825759387,-0.04657571190877933,-0.016988336348814546,26.29129912046006
2018-11-09,7.78,7.78,7.78,7.78,0,-38.88888888888857,-0.06244607454923212,-0.049749784436869886,-0.012696290112362237,26.291299120460067
2018-11-12,7.78,7.78,7.78,7.78,0,-35.897435897434995,-0.06085853304496869,-0.051971534158489645,-0.008886998886479043,26.291299120460067
2018-11-13,7.78,7.78,7.78,7.78,0,0.0,-0.058921188184990037,-0.053361464963789726,-0.005559723221200311,26.291299120460067
2018-11-14,7.78,7.78,7.78,7.78,0,0.0,-0.05673185887093357,-0.054035543745218496,-0.002696315125715075,26.291299120460067
2018-11-15,8.09,8.09,8.09,8.09,11500,466.6666666666703,-0.029640710731762,-0.0491565771425272,0.0195158664107652,73.54275337678766
2018-11-16,8.09,8.09,8.09,8.09,0,233.33333333333252,-0.008077666340880363,-0.04094079498219783,0.03286312864131747,73.54275337678766
2018-11-19,8.09,8.09,8.09,8.09,0,155.55555555555435,0.008908509935062092,-0.03097093399874585,0.03987944393380794,73.54275337678766
2018-11-20,8.09,8.09,8.09,8.09,0,116.66666666666622,0.02211524622037242,-0.020353697954922194,0.042468944175294614,73.54275337678766
2018-11-21,8.09,8.09,8.09,8.09,0,93.33333333333263,0.03221037868071175,-0.009840882627795405,0.04205126130850716,73.54275337678767
2018-11-22,7.28,7.28,7.28,7.28,600,-228.36879432624136,-0.02486278396353292,-0.012845262894942908,-0.012017521068590012,21.46423644155325
2018-11-23,7.28,7.28,7.28,7.28,0,-185.92788038698345,-0.06929488821228791,-0.024135187958411908,-0.045159700253876,21.46423644155325
2018-11-26,7.28,7.28,7.28,7.28,0,-153.37995337995352,-0.10331668056430665,-0.039971486479590854,-0.0633451940847158,21.464236441553247
2018-11-27,7.28,7.28,7.28,7.28,0,-116.666666666667,-0.128794532913445,-0.057736095766361684,-0.07105843714708332,21.464236441553243
2018-11-28,7.28,7.28,7.28,7.28,0,-93.33333333333358,-0.14728806927914118,-0.07564649046891758,-0.0716415788102236,21.464236441553243
2018-11-29,7.28,7.28,7.28,7.28,0,-77.777777777778,-0.16009881065649179,-0.09253695450643243,-0.06756185615005936,21.46423644155324
2018-11-30,7.28,7.28,7.28,7.28,0,-66.66666666666687,-0.16831122842328838,-0.10769180928980362,-0.06061941913348476,21.46423644155324
2018-12-03,7.28,7.28,7.28,7.28,0,-58.33333333333352,-0.1728273821901709,-0.12071892386987708,-0.05210845832029383,21.46423644155324
2018-12-04,7.28,7.28,7.28,7.28,0,-51.85185185185191,-0.17439613648399455,-0.13145436639270058,-0.04294177009129396,21.46423644155324
2018-12-05,7.28,7.28,7.28,7.28,0,-46.66666666666679,-0.17363779712463678,-0.13989105253908782,-0.033746744585548966,21.46423644155324
2018-12-06,7.28,7.28,7.28,7.28,0,-42.4242424242425,-0.1710648782861126,-0.14612581768849278,-0.024939060597619828,21.46423644155324
2018-12-07,7.28,7.28,7.28,7.28,0,-38.88888888888889,-0.16709960138087432,-0.15032057442696908,-0.016779026953905235,21.46423644155324
2018-12-10,7.28,7.28,7.28,7.28,0,-35.89743589743605,-0.16208863398923956,-0.15267418633942317,-0.009414447649816388,21.46423644155324
2018-12-11,7.28,7.28,7.28,7.28,0,0.0,-0.15631549846600112,-0.15340244876473877,-0.0029130497012623546,21.46423644155324
2018-12-12,7.28,7.28,7.28,7.28,0,0.0,-0.15001101338692813,-0.15272416168917663,0.0027131483022485026,21.464236441553236
2018-12-13,7.28,7.28,7.28,7.28,0,0.0,-0.1433620747821056,-0.15085174430776244,0.007489669525656828,21.464236441553236
2018-12-14,7.28,7.28,7.28,7.28,0,0.0,-0.13651903656143727,-0.14798520275849741,0.011466166197060146,21.464236441553236
2018-12-17,7.28,7.28,7.28,7.28,0,0.0,-0.12960190933371774,-0.1443085440735415,0.014706634739823754,21.464236441553233
2018-12-18,7.28,7.28,7.28,7.28,0,0.0,-0.12270556282386647,-0.1399879478236065,0.017282384999740025,21.46423644155323
2018-12-19,7.28,7.28,7.28,7.28,0,0.0,-0.115904088346646,-0.1351711759282144,0.019267087581568393,21.464236441553233
2018-12-20,7.28,7.28,7.28,7.28,0,0.0,-0.10925445349017249,-0.12998783144060602,0.020733377950433535,21.46423644155323
2018-12-21,7.28,7.28,7.28,7.28,0,0.0,-0.10279956061412943,-0.1245501772753107,0.021750616661181277,21.46423644155323
2018-12-24,7.28,7.28,7.28,7.28,0,0.0,-0.09657080339655533,-0.11895430249955963,0.0223834991030043,21.46423644155323
2018-12-25,7.28,7.28,7.28,7.28,0,0.0,-0.09059020097940795,-0.11328148219552929,0.022691281216121337,21.46423644155323
2018-12-26,7.28,7.28,7.28,7.28,0,0.0,-0.08487217685224824,-0.10759962112687307,0.022727444274624836,21.464236441553233
2018-12-27,7.28,7.28,7.28,7.28,0,0.0,-0.07942503912467558,-0.10196470472643357,0.02253966560175799,21.464236441553233
2018-12-28,7.28,7.28,7.28,7.28,0,0.0,-0.0742522099748717,-0.09642220577612119,0.022169995801249495,21.464236441553233
2019-01-02,7.28,7.28,7.28,7.28,0,0.0,-0.0693532445728895,-0.09100841353547486,0.02165516896258536,21.464236441553233
2019-01-03,7.28,7.28,7.28,7.28,0,0.0,-0.06472467345084798,-0.08575166551854949,0.021026992067701505,21.464236441553236
2019-01-04,7.28,7.28,7.28,7.28,0,0.0,-0.06036069694838364,-0.08067347180451631,0.02031277485613267,21.464236441553233
2019-01-07,7.28,7.28,7.28,7.28,0,0.0,-0.056253755848750586,-0.07578952861336316,0.019535772764612575,21.464236441553236
2019-01-08,7.28,7.28,7.28,7.28,0,0.0,-0.052394998510306934,-0.07111062259275192,0.01871562408244498,21.464236441553233
2019-01-09,7.28,7.28,7.28,7.28,0,0.0,-0.048774661581208356,-0.06664343039044321,0.017868768809234853,21.464236441553236
2019-01-10,7.28,7.28,7.28,7.28,0,0.0,-0.04538237867002071,-0.062391220046358706,0.017008841376338,21.464236441553233
2019-01-11,6.6,6.6,6.6,6.6,700,-466.66666666667,-0.09645244329891955,-0.06920346469687087,-0.027248978602048682,2.559466997953458
2019-01-14,6.6,6.6,6.6,6.6,67,-233.33333333333388,-0.1353654290531967,-0.08243585756813604,-0.05292957148506067,2.559466997953458
2019-01-15,6.6,6.6,6.6,6.6,0,-155.55555555555625,-0.16431018508229567,-0.09881072307096797,-0.0654994620113277,2.559466997953458
2019-01-16,6.6,6.6,6.6,6.6,0,-116.66666666666698,-0.18511521974803014,-0.1160716224063804,-0.06904359734164973,2.5594669979534577
2019-01-17,6.6,6.6,6.6,6.6,0,-93.33333333333374,-0.19930588542918404,-0.13271847501094114,-0.0665874104182429,2.5594669979534577
2019-01-18,6.6,6.6,6.6,6.6,0,-77.77777777777784,-0.20815263620012558,-0.14780530724877802,-0.06034732895134756,2.5594669979534577
2019-01-21,6.6,6.6,6.6,6.6,0,-66.66666666666667,-0.21271174137735738,-0.1607865940744939,-0.05192514730286349,2.5594669979534572
2019-01-22,6.6,6.6,6.6,6.6,0,-58.33333333333329,-0.21385962444923567,-0.17140120014944224,-0.042458424299793435,2.5594669979534572
2019-01-23,6.6,6.6,6.6,6.6,0,-51.85185185185177,-0.2123218163209435,-0.1795853233837425,-0.03273649293720099,2.559466997953457
2019-01-24,6.6,6.6,6.6,6.6,0,-46.66666666666654,-0.20869735905437992,-0.18540773051787,-0.023289628536509926,2.5594669979534572
2019-01-25,6.6,6.6,6.6,6.6,0,-42.4242424242424,-0.20347936707568337,-0.18902205782943265,-0.014457309246250716,2.559466997953457
2019-01-28,6.6,6.6,6.6,6.6,0,-38.8888888888888,-0.1970723435359556,-0.19063211497073723,-0.006440228565218364,2.559466997953457
2019-01-29,6.6,6.6,6.6,6.6,0,-35.89743589743564,-0.18980675707564565,-0.1904670433917189,0.0006602863160732608,2.559466997953457
2019-01-30,6.6,6.6,6.6,6.6,0,0.0,-0.181951306064569,-0.18876389592628892,0.006812589861719925,2.5594669979534563
2019-01-31,6.6,6.6,6.6,6.6,0,0.0,-0.17372323127167988,-0.1857557629953671,0.012032531723687234,2.5594669979534563
2019-02-01,6.6,6.6,6.6,6.6,0,0.0,-0.16529698200349863,-0.1816640067969934,0.016367024793494778,2.5594669979534563
2019-02-11,6.6,6.6,6.6,6.6,0,0.0,-0.15681149346571033,-0.17669350413073678,0.019882010665026456,2.5594669979534563
2019-02-12,6.6,6.6,6.6,6.6,0,0.0,-0.14837629311883127,-0.17103006192835568,0.02265376880952441,2.559466997953457
2019-02-13,6.6,6.6,6.6,6.6,0,0.0,-0.14007661999100396,-0.16483937354088535,0.02476275354988139,2.5594669979534563
2019-02-14,6.6,6.6,6.6,6.6,0,0.0,-0.1319777123268544,-0.15826704129807917,0.026289328971224768,2.5594669979534563
2019-02-15,6.6,6.6,6.6,6.6,0,0.0,-0.12412839478569104,-0.15143931199560154,0.027310917209910496,2.5594669979534563
2019-02-18,6.6,6.6,6.6,6.6,0,0.0,-0.11656407597383112,-0.14446426479124747,0.02790018881741635,2.5594669979534563
2019-02-19,6.6,6.6,6.6,6.6,0,0.0,-0.10930924982808587,-0.13743326179861515,0.028124011970529272,2.5594669979534563
2019-02-20,6.6,6.6,6.6,6.6,0,0.0,-0.10237957977283685,-0.1304225253934595,0.02804294562062265,2.5594669979534563
2019-02-21,6.6,6.6,6.6,6.6,0,0.0,-0.09578363223926178,-0.12349474676261996,0.02771111452335817,2.5594669979534563
2019-02-22,6.6,6.6,6.6,6.6,0,0.0,-0.08952431571307873,-0.11670066055271171,0.02717634483963298,2.5594669979534563
2019-02-25,6.6,6.6,6.6,6.6,0,0.0,-0.08360007267161862,-0.11008054297649308,0.026480470304874465,2.5594669979534563
2019-02-26,6.6,6.6,6.6,6.6,0,0.0,-0.07800586433233647,-0.10366560724766176,0.025659742915325287,2.5594669979534563
2019-02-27,6.6,6.6,6.6,6.6,0,0.0,-0.07273398185190416,-0.09747928216851023,0.024745300316606073,2.5594669979534563
2019-02-28,6.6,6.6,6.6,6.6,0,0.0,-0.0677747123090926,-0.09153836819662671,0.02376365588753411,2.5594669979534563
2019-03-01,6.6,6.6,6.6,6.6,0,0.0,-0.06311688332473597,-0.08585407122224856,0.022737187897512584,2.559466997953456
2019-03-04,6.6,6.6,6.6,6.6,0,0.0,-0.058748306390270955,-0.08043291825585304,0.021684611865582085,2.5594669979534563
2019-03-05,6.6,6.6,6.6,6.6,0,0.0,-0.054656135784746596,-0.07527756176163175,0.020621425976885155,2.5594669979534554
2019-03-06,6.6,6.6,6.6,6.6,0,0.0,-0.05082715726720188,-0.07038748086274578,0.019560323595543896,2.559466997953456
2019-03-07,6.6,6.6,6.6,6.6,0,0.0,-0.04724801845981297,-0.06575958838215921,0.018511569922346247,2.559466997953456
2019-03-08,6.6,6.6,6.6,6.6,0,0.0,-0.04390541092171851,-0.06138875289007108,0.017483341968352564,2.559466997953456
2019-03-11,6.6,6.6,6.6,6.6,0,0.0,-0.04078621229874724,-0.05726824477180631,0.01648203247305907,2.559466997953456
2019-03-12,6.6,6.6,6.6,6.6,0,0.0,-0.0378775955736419,-0.053390114932173424,0.015512519358531526,2.559466997953456
2019-03-13,6.6,6.6,6.6,6.6,0,0.0,-0.0351671112952987,-0.04974551420479848,0.014578402909499778,2.559466997953456
2019-03-14,6.6,6.6,6.6,6.6,0,0.0,-0.03264274770063835,-0.046324960903966456,0.013682213203328103,2.5594669979534563
2019-03-15,6.23,6.23,6.23,6.23,930,-466.6666666666589,-0.05980864234640926,-0.04902169719245501,-0.010786945153954244,0.24877460579094932
2019-03-18,6.23,6.23,6.23,6.23,0,-233.33333333333366,-0.08041088296806631,-0.05529953434757727,-0.02511134862048904,0.24877460579094926
2019-03-19,6.23,6.23,6.23,6.23,0,-155.5555555555547,-0.09563587624180858,-0.06336680272642353,-0.03226907351538505,0.24877460579094926
2019-03-20,6.23,6.23,6.23,6.23,0,-116.66666666666549,-0.10647442223984793,-0.07198832662910841,-0.03448609561073952,0.24877460579094926
2019-03-21,6.23,6.23,6.23,6.23,0,-93.33333333333302,-0.11375277682817053,-0.08034121666892083,-0.033411560159249704,0.24877460579094926
2019-03-22,6.23,6.23,6.23,6.23,0,-77.77777777777794,-0.11815886345060989,-0.08790474602525863,-0.03025411742535125,0.24877460579094932
2019-03-25,6.23,6.23,6.23,6.23,0,-66.6666666666665,-0.12026438586476473,-0.09437667399315985,-0.02588771187160488,0.24877460579094926
2019-03-26,6.23,6.23,6.23,6.23,0,-58.3333333333335,-0.12054347737597126,-0.09961003466972214,-0.020933442706249125,0.24877460579094926
2019-03-27,5.67,5.67,5.67,5.67,300,-219.057412167953,-0.16406078864684837,-0.11250018546514738,-0.051560603181700984,0.07165074374588284
2019-03-28,5.67,5.67,5.67,5.67,0,-198.47856154910173,-0.19628590957250047,-0.129257330286618,-0.06702857928588246,0.07165074374588284
2019-03-29,5.67,5.67,5.67,5.67,0,-155.5555555555568,-0.2192966349749632,-0.14726519122428705,-0.07203144375067616,0.07165074374588284
2019-04-01,5.67,5.67,5.67,5.67,0,-116.66666666666754,-0.23482587413672196,-0.16477732780677404,-0.07004854632994792,0.07165074374588284
2019-04-02,5.67,5.67,5.67,5.67,0,-93.33333333333402,-0.24431657861802325,-0.1806851779690239,-0.06363140064899936,0.07165074374588284
2019-04-03,5.67,5.67,5.67,5.67,0,-77.7777777777784,-0.248968081233083,-0.19434175862183573,-0.05462632261124728,0.07165074374588284
2019-04-04,5.67,5.67,5.67,5.67,0,-66.6666666666672,-0.24977517779778058,-0.20542844245702468,-0.044346735340755894,0.07165074374588286
2019-04-05,5.11,5.11,5.11,5.11,100,-164.1975308641974,-0.2922334423108879,-0.22278944242779733,-0.06944399988309055,0.032626508108873464
2019-04-08,4.61,4.61,4.61,4.61,100,-224.50450450450407,-0.36205420861248605,-0.25064239566473506,-0.11141181294775099,0.021412722445183455
2019-04-09,5.04,5.04,4.17,4.17,600,-201.58520475561525,-0.4477308294059039,-0.2900600824129688,-0.1576707469929351,0.0161517265368574
2019-04-10,4.54,4.54,4.54,4.54,500,-136.41335636154326,-0.48023837185766016,-0.3280957403019071,-0.15214263155575308,18.213613915618552
2019-04-11,4.98,4.98,4.11,4.98,300,-92.28925289652432,-0.4651347270907147,-0.3555035376596686,-0.1096311894310461,33.673425062037225
2019-04-12,5.48,5.48,5.48,5.48,200,19.247102857554207,-0.40811466663694596,-0.36602576345512405,-0.0420889031818219,46.134042469841816
2019-04-16,5.48,5.48,5.48,5.48,0,29.166666666666764,-0.3587899507072194,-0.3645786009055431,0.005788650198323697,46.134042469841816
2019-04-17,5.98,5.98,5.98,5.98,100,98.91936824605163,-0.2761704159963827,-0.34689696392371105,0.07072654792732835,55.770791061126125
2019-04-18,6.47,6.47,6.47,6.47,100,149.4768932307906,-0.1692044510121491,-0.31135846134139866,0.14215401032924957,62.795418930948486
2019-04-19,5.91,5.91,5.91,5.91,833,69.37064827959175,-0.12814331661125777,-0.2747154323953705,0.14657211578411272,52.52759727753163
2019-04-22,5.91,5.91,5.91,5.91,397,65.5051804923119,-0.09451258946969077,-0.23867486381023456,0.1441622743405438,52.527597277531626
2019-04-23,5.91,5.91,5.91,5.91,0,61.819119448204795,-0.0670866626269282,-0.20435722357357328,0.13727056094664508,52.52759727753163
2019-04-24,5.91,5.91,5.91,5.91,600,58.300258300258385,-0.04483459273442847,-0.17245269740574432,0.12761810467131585,52.52759727753163
2019-04-25,5.91,5.91,5.91,5.91,0,54.9374730487279,-0.026889699311706927,-0.14334009778693685,0.11645039847522992,52.52759727753163
2019-04-26,5.35,5.35,5.35,5.35,100,-15.360923965351429,-0.057196239230524526,-0.1261113260756544,0.06891508684512987,42.46884296690398
2019-05-02,5.35,5.35,5.35,5.35,0,-24.561403508772024,-0.08028887034378052,-0.11694683492927962,0.03665796458549911,42.46884296690398
2019-05-03,5.35,5.35,5.35,5.35,0,-38.65740740740751,-0.09746641471634465,-0.11305075088669263,0.015584336170347976,42.46884296690398
2019-05-06,4.86,4.86,4.86,4.86,100,-128.92156862745082,-0.1489021954673131,-0.12022103980281672,-0.028681155664496374,35.11924002595539
2019-05-07,4.42,4.42,4.42,4.42,100,-191.59369527145364,-0.22260370807314445,-0.14069757345688227,-0.08190613461626217,30.08449527659763
2019-05-08,4.42,4.42,4.42,4.42,0,-151.1570654849827,-0.2778102640113529,-0.1681201115677764,-0.1096901524435765,30.084495276597632
2019-05-09,3.98,4.86,3.98,4.86,200,-107.44757772957331,-0.2827976196437225,-0.19105561318296563,-0.09174200646075689,40.05180249555529
2019-05-10,5.29,5.29,4.48,4.48,300,-74.53703703703691,-0.3137957174224315,-0.2156036340308588,-0.0981920833915727,35.36293220098004
2019-05-13,4.92,4.92,4.92,4.92,100,-43.36970019513927,-0.2994062416943839,-0.23236415556356382,-0.06704208613082008,43.59679621036708
2019-05-14,4.48,5.35,4.48,5.35,200,-18.39309428950865,-0.25041840468016563,-0.23597500538688418,-0.01444339929328145,50.264671875855804
2019-05-15,4.92,5.85,4.92,5.85,200,55.280267088384974,-0.169297809815121,-0.22263956627253154,0.053341756457410544,56.67793555227989
2019-05-16,5.85,5.85,5.85,5.85,0,102.64324995564998,-0.10381246842723524,-0.19887414670347228,0.09506167827623704,56.67793555227989
2019-05-17,6.41,6.41,6.41,6.41,100,167.40594710037794,-0.006650876531573147,-0.16042949266909245,0.1537786161375193,62.89314348551226
2019-05-20,7.03,7.03,7.03,7.03,100,207.55461592670915,0.11900736072607199,-0.10454212199005956,0.22354948271613156,68.31330052309431
2019-05-21,7.72,7.72,7.72,7.72,100,199.492688749627,0.2711440724153835,-0.029404883108970936,0.30054895552435446,73.03409218636985
2019-05-22,7.72,7.72,7.72,7.72,0,147.6277394032663,0.3872495408623893,0.05392600168530111,0.3333235391770882,73.03409218636985
2019-05-23,6.97,6.97,6.97,6.97,700,79.05406872001909,0.41397320370990176,0.12593544209022123,0.28803776161968053,61.486327553403186
2019-05-24,6.35,6.35,6.35,6.35,100,33.27149041434743,0.38073421359088844,0.17689519639035467,0.20383901720053377,53.89931743811108
2019-05-27,6.35,6.35,6.35,6.35,0,26.00214893792865,0.35035341832851774,0.21158684077798728,0.13876657755053046,53.89931743811108
2019-05-28,6.35,6.35,6.35,6.35,0,18.427882832777136,0.3225581694098114,0.2337811065043521,0.08877706290545931,53.89931743811108
2019-05-29,6.35,6.35,6.35,6.35,0,10.032316987494703,0.2971053884118522,0.24644596288585213,0.05065942552600006,53.89931743811108
2019-05-30,6.35,6.35,6.35,6.35,0,-0.5725971370143026,0.27377793448568166,0.25191235720581806,0.0218655772798636,53.8993174381111
2019-05-31,6.35,6.35,6.35,6.35,0,-13.844936708860711,0.25238146278300366,0.25200617832125516,0.00037528446174850405,53.89931743811108
2019-06-03,6.35,6.35,6.35,6.35,0,-28.678414096916132,0.23274170332611366,0.24815328332222686,-0.0154115799961132,53.89931743811108
2019-06-04,6.35,6.35,6.35,6.35,0,-39.848197343453386,0.21470210029491987,0.24146304671676547,-0.026760946421845594,53.89931743811108
2019-06-05,6.35,6.35,6.35,6.35,0,-47.642762284196415,0.19812176059475384,0.23279478949236315,-0.034673028897609315,53.89931743811108
2019-06-06,6.35,6.35,6.35,6.35,0,-46.6666666666665,0.18287366811633632,0.22281056521715778,-0.03993689710082146,53.89931743811108
2019-06-07,6.35,6.35,6.35,6.35,0,-42.42424242424233,0.16884312650941258,0.21201707747560875,-0.04317395096619617,53.8993174381111
2019-06-10,6.35,6.35,6.35,6.35,0,-38.88888888888869,0.15592639873749903,0.2007989417279868,-0.04487254299048776,53.8993174381111
2019-06-11,6.35,6.35,6.35,6.35,0,-35.897435897435564,0.14402951630950422,0.1894450566442903,-0.045415540334786064,53.899317438111105
2019-06-12,6.35,6.35,6.35,6.35,0,0.0,0.13306723501908646,0.17816949231924953,-0.04510225730016307,53.8993174381111
2019-06-13,6.35,6.35,6.35,6.35,0,0.0,0.12296211736968132,0.16712801732933588,-0.04416589995965456,53.8993174381111
2019-06-14,6.35,6.35,6.35,6.35,0,0.0,0.11364372471137596,0.1564311588057439,-0.04278743409436794,53.8993174381111
2019-06-17,6.35,6.35,6.35,6.35,0,0.0,0.10504790454077995,0.14615450795275112,-0.04110660341197117,53.8993174381111
2019-06-18,6.35,6.35,6.35,6.35,0,0.0,0.09711616048073068,0.13634683845834702,-0.03923067797761634,53.8993174381111
2019-06-19,6.35,6.35,6.35,6.35,0,0.0,0.0897950942173793,0.12703648961015349,-0.037241395392774185,53.899317438111105
2019-06-20,6.35,6.35,6.35,6.35,0,0.0,0.08303591017381518,0.11823637372288583,-0.03520046354907065,53.899317438111105
2019-06-21,6.35,6.35,6.35,6.35,0,0.0,0.07679397498100737,0.10994789397451013,-0.03315391899350276,53.8993174381111
2019-06-24,6.35,6.35,6.35,6.35,0,0.0,0.07102842490138883,0.10216400015988587,-0.031135575258497042,53.8993174381111
2019-06-25,6.35,6.35,6.35,6.35,0,0.0,0.06570181529597363,0.09487156318710342,-0.02916974789112979,53.8993174381111
2019-06-26,6.35,6.35,6.35,6.35,0,0.0,0.06077980702625041,0.08805321195493282,-0.02727340492868241,53.8993174381111
2019-06-27,6.35,6.35,6.35,6.35,0,0.0,0.056230885367335226,0.0816887466374133,-0.02545786127007807,53.89931743811108
2019-06-28,6.35,6.35,6.35,6.35,0,0.0,0.05202610759619297,0.07575621882916923,-0.02373011123297626,53.8993174381111
2019-07-01,6.35,6.35,6.35,6.35,0,0.0,0.048138875922549396,0.07023275024784527,-0.022093874325295873,53.8993174381111
2019-07-02,6.35,6.35,6.35,6.35,0,0.0,0.044544732862885184,0.06509514677085325,-0.020550413907968065,53.8993174381111
2019-07-03,6.35,6.35,6.35,6.35,0,0.0,0.04122117652995261,0.06032035272267312,-0.019099176192720516,53.8993174381111
2019-07-04,6.35,6.35,6.35,6.35,0,0.0,0.03814749363059011,0.05588578090425652,-0.017738287273666407,53.8993174381111
2019-07-05,6.35,6.35,6.35,6.35,0,0.0,0.03530460824071291,0.0517695463715478,-0.01646493813083489,53.8993174381111
2019-07-08,6.35,6.35,6.35,6.35,0,0.0,0.03267494466470389,0.047950626030179015,-0.015275681365475129,53.89931743811108
2019-07-09,6.35,6.35,6.35,6.35,0,0.0,0.030242302892449224,0.044408961402633056,-0.014166658510183831,53.8993174381111
2019-07-10,6.35,6.35,6.35,6.35,0,0.0,0.027991745345611996,0.041125518191228845,-0.01313377284561685,53.8993174381111
2019-07-11,5.79,5.79,5.79,5.79,100,-466.6666666666714,-0.018762870912970797,0.029147840370388915,-0.04791071128335971,22.60177526867863
2019-07-12,5.79,5.79,5.79,5.79,0,-233.33333333333292,-0.05518015862652703,0.012282240571005725,-0.06746239919753276,22.60177526867863
2019-07-15,5.79,5.79,5.79,5.79,0,-155.55555555555597,-0.08308338793342784,-0.006790885129880991,-0.07629250280354685,22.60177526867863
2019-07-16,5.23,5.6,5.23,5.6,800,-176.7972149695393,-0.11915476829714233,-0.02926366176333326,-0.08989110653380908,18.138547103640054
2019-07-17,5.6,5.6,5.6,5.6,0,-112.96483163284418,-0.14605793219125385,-0.05262251584891738,-0.09343541634233646,18.13854710364005
2019-07-18,5.11,5.11,5.11,5.11,1300,-164.557348985082,-0.20455975082975986,-0.08300996284508588,-0.12154978798467397,11.403344862738502
2019-07-19,4.61,4.61,4.61,4.61,100,-191.794871794872,-0.2879493836567395,-0.12399784700741662,-0.16395153664932288,8.09871475950855
2019-07-22,4.67,4.67,4.3,4.3,1866,-173.8380429267865,-0.37473101184133384,-0.17414447997420007,-0.20058653186713377,6.785720223839939
2019-07-23,4.67,4.67,4.67,4.67,100,-114.40047961630705,-0.40893620757751137,-0.22110282549486232,-0.18783338208264905,22.86060159643381
2019-07-24,5.11,5.11,5.11,5.11,100,-52.841391009329904,-0.39597519332434494,-0.2560772990607588,-0.13989789426358612,36.815100954751
2019-07-25,5.6,5.6,5.6,5.6,100,12.747426761678462,-0.342219695623724,-0.27330577837335185,-0.06891391725037216,48.07943474776404
2019-07-26,6.16,6.16,6.16,6.16,100,88.92939111651148,-0.2515312607229667,-0.26895087484327485,0.017419614120308125,57.42178766485151
2019-07-29,6.72,6.72,6.72,6.72,100,152.66149870801038,-0.1329402503508872,-0.2417487499447973,0.10880849959391012,64.33318511419075
2019-07-30,6.1,6.16,6.1,6.16,2100,83.15454906634889,-0.08318444165081473,-0.21003588828600078,0.12685144663518605,54.7605607925874
2019-07-31,6.72,6.72,6.72,6.72,100,134.85932284215545,0.0014183650703341044,-0.1677450376147338,0.1691634026850679,61.008671023499936
2019-08-01,6.1,6.1,6.1,6.1,1500,57.90931118033904,0.01822776218724176,-0.1305504776543387,0.14877823984158045,52.3827051004616
2019-08-02,5.79,5.79,5.79,5.79,100,22.85681319949227,0.006460449248212541,-0.10314829227382845,0.10960874152204099,48.67681120129204
2019-08-05,5.35,5.35,5.35,5.35,100,-25.426163208224768,-0.03793229392906916,-0.09010509260487659,0.05217279867580743,43.92664545247304
2019-08-06,5.35,5.35,5.35,5.35,0,-22.876323263619987,-0.07228065631663672,-0.08654020534722862,0.0142595490305919,43.926645452473046
2019-08-07,5.35,5.35,5.35,5.35,0,-25.444887118194018,-0.09836805526625092,-0.08890577533103308,-0.009462279935217838,43.92664545247304
2019-08-08,4.92,4.92,4.92,4.92,100,-78.79826635145777,-0.15198789142032165,-0.1015221985488908,-0.05046569287143085,39.251330661836505
2019-08-09,4.54,4.54,4.54,4.54,100,-125.33812088569711,-0.22257906913168402,-0.12573357266544943,-0.09684549646623458,35.64110911835879
2019-08-12,4.54,4.54,4.54,4.54,0,-122.5113589425856,-0.27534903378723374,-0.15565666488980628,-0.11969236889742746,35.64110911835879
2019-08-13,4.11,4.11,4.11,4.11,100,-145.90224182285914,-0.34785713676480423,-0.19409675926480588,-0.15376037749999835,31.80233385801022
2019-08-14,3.74,3.74,3.74,3.74,100,-146.83143219264883,-0.430216965174413,-0.2413208004467273,-0.1888961647276857,28.916295596920378
2019-08-15,3.74,3.74,3.74,3.74,0,-120.4394693200663,-0.48984113882667746,-0.29102486812271733,-0.19881627070396013,28.91629559692038
2019-08-16,4.11,4.11,4.11,4.11,100,-77.83783783783784,-0.5014573302770078,-0.33311136055357543,-0.16834596972343235,35.685270530402576
2019-08-19,4.11,4.11,4.11,4.11,100,-68.16339257873406,-0.50484372152411,-0.36745783274768234,-0.1373858887764276,35.68527053040258
2019-08-20,4.48,4.48,4.48,4.48,100,-26.141078838174174,-0.47222800274022614,-0.3884118667461911,-0.08381613599403503,42.08170545097198
2019-08-21,4.92,4.92,4.92,4.92,400,33.58386571464364,-0.4061931461119386,-0.3919681226193406,-0.014225023492597966,48.62524775803644
2019-08-22,5.35,5.35,5.35,5.35,100,96.61971830985905,-0.31552545905431195,-0.3766795899063349,0.061154130852022925,54.08476703863288
2019-08-23,5.85,5.85,5.85,5.85,100,145.90937306021104,-0.2010077502877463,-0.34154522198261716,0.14053747169487085,59.477261226266165
2019-08-26,6.41,6.41,6.41,6.41,100,176.89503591722968,-0.06432284740467953,-0.28610074706702965,0.22177789966235012,64.50530498276248
2019-08-27,7.03,7.03,7.03,7.03,100,188.6537952922509,0.09295817733168033,-0.21028896218728765,0.303247139518968,69.07968750655235
2019-08-28,7.72,7.72,7.72,7.72,100,175.0409192637873,0.2701674340073845,-0.11419768294835321,0.3843651169557377,73.21660402135292
2019-08-29,7.72,7.72,7.72,7.72,0,135.2914621071045,0.4059277640637635,-0.010172593545929864,0.4161003576096934,73.21660402135291
2019-08-30,7.72,7.72,7.72,7.72,0,109.64408146803788,0.5076667375943877,0.09339527268213366,0.4142714649122541,73.21660402135292
2019-09-03,8.47,8.47,6.97,8.47,300,102.5204473376733,0.6414204434933746,0.20300030684438186,0.4384201366489927,77.33360971409425
2019-09-04,8.47,8.47,8.47,8.47,0,107.35677083333337,0.738903598331687,0.3101809651418429,0.42872263318984405,77.33360971409425
2019-09-05,7.66,8.4,7.66,8.4,1500,82.28207750880787,0.8012746900331376,0.40839971012010184,0.3928749799130357,76.06793072398776
2019-09-06,7.6,7.6,7.6,7.6,200,48.01694945304321,0.7771919306535553,0.48215815422679253,0.29503377642676276,63.31430267060419
2019-09-09,7.6,7.6,7.6,7.6,0,41.09252787485432,0.7494667837817621,0.5356198801377865,0.21384690364397563,63.31430267060419
2019-09-10,7.6,7.6,7.6,7.6,100,33.82786276167778,0.7192038706054937,0.5723366782313279,0.1468671923741658,63.31430267060419
2019-09-11,7.6,7.6,7.6,7.6,0,25.41951939857703,0.6872975554889811,0.5953288536828586,0.09196870180612249,63.31430267060421
2019-09-12,7.6,7.6,7.6,7.6,0,14.047284471069784,0.6544672794804427,0.6071565388423754,0.047310740638067283,63.31430267060421
2019-09-13,7.6,7.6,7.6,7.6,0,-6.605886116442539,0.6212872366876514,0.6099826784114306,0.011304558276220789,63.31430267060421
2019-09-16,7.6,7.6,7.6,7.6,0,-35.78732106339434,0.5882112802353205,0.6056283987762086,-0.01741711854088801,63.31430267060421
2019-09-17,7.6,7.6,7.6,7.6,0,-53.891073769514854,0.5555938068867956,0.595621480398326,-0.04002767351153036,63.31430267060421
2019-09-18,7.6,7.6,7.6,7.6,0,-49.92400327370495,0.5237072530452238,0.5812386349277056,-0.05753138188248175,63.31430267060421
2019-09-19,7.6,7.6,7.6,7.6,0,-46.10441767068265,0.49275673646797813,0.5635422552357601,-0.07078551876778194,63.314302670604214
2019-09-20,7.6,7.6,7.6,7.6,0,-42.42424242424227,0.4628922948593903,0.5434122631604861,-0.08051996830109576,63.31430267060421
2019-09-23,7.6,7.6,7.6,7.6,0,-38.88888888888881,0.4342191022046924,0.5215736309693273,-0.0873545287646349,63.314302670604214
2019-09-24,7.6,7.6,7.6,7.6,0,-35.89743589743549,0.4068059842877103,0.4986201016330039,-0.0918141173452936,63.314302670604214
2019-09-25,7.6,7.6,7.6,7.6,0,66.66666666666667,0.3806925046172793,0.475034582229859,-0.09434207761257968,63.314302670604214
2019-09-26,7.6,7.6,7.6,7.6,0,66.66666666666667,0.3558948495522154,0.4512066356943303,-0.09531178614211488,63.314302670604214
2019-09-27,7.6,7.6,7.6,7.6,0,66.66666666666667,0.3324107055604735,0.42744744966755893,-0.09503674410708546,63.31430267060421
2019-09-30,7.6,7.6,7.6,7.6,0,66.66666666666667,0.31022329125856185,0.40400261798575954,-0.09377932672719769,63.31430267060421
2019-10-01,7.6,7.6,7.6,7.6,0,66.66666666666667,0.28930468129257836,0.3810630306471233,-0.09175834935454497,63.31430267060421
2019-10-02,7.6,7.6,7.6,7.6,0,66.66666666666667,0.26961853751532594,0.35877413202076386,-0.08915559450543792,63.31430267060421
2019-10-03,7.66,7.66,7.66,7.66,700,466.66666666676707,0.2559086694560513,0.3382010395078213,-0.08229237005177004,65.107917880737
2019-10-04,8.12,8.12,8.12,8.12,1,449.23371647509816,0.27894613841865823,0.3263500592899887,-0.047403920871330496,75.14220240893155
2019-10-07,8.12,8.12,8.12,8.12,0,233.33333333333582,0.2938165640911432,0.31984336025021964,-0.026026796159076437,75.14220240893154
2019-10-08,8.12,8.12,8.12,8.12,0,155.55555555555657,0.30211884558279234,0.31629845731673417,-0.014179611733941833,75.14220240893155
2019-10-09,8.12,8.12,8.12,8.12,0,116.66666666666768,0.305180532271887,0.31407487230776476,-0.008894340035877746,75.14220240893155
2019-10-10,8.12,8.12,8.12,8.12,0,93.333333333334,0.3041014488257723,0.31208018761136624,-0.007978738785593964,75.14220240893154
2019-10-11,8.12,8.12,8.12,8.12,0,77.77777777777851,0.29979046950102983,0.30962224398929894,-0.009831774488269107,75.14220240893154
2019-10-14,8.12,8.12,8.12,8.12,0,66.666666666667,0.29299650599018,0.30629709638947517,-0.013300590399295154,75.14220240893154
2019-10-15,7.66,7.66,7.66,7.66,0,-55.30303030302973,0.24763945188919845,0.2945655674894198,-0.04692611560022136,50.66505407464631
2019-10-16,8.12,8.12,8.12,8.12,0,58.33333333333358,0.24597635307060361,0.28484772460565655,-0.038871371535052934,63.477282372716395
2019-10-17,8.12,8.12,8.12,8.12,0,51.85185185185184,0.24187020609796583,0.2762522209041184,-0.03438201480615255,63.4772823727164
2019-10-18,8.12,8.12,8.12,8.12,0,46.666666666666615,0.2358967837564636,0.26818113347458744,-0.03228434971812383,63.477282372716395
2019-10-21,8.12,8.12,8.12,8.12,0,42.424242424242074,0.2285284695714518,0.26025060069396033,-0.031722131122508546,63.477282372716395
2019-10-22,8.12,8.12,8.12,8.12,66,38.88888888888837,0.22015126079890468,0.2522307327149492,-0.032079471916044544,63.477282372716395
2019-10-23,8.12,8.12,8.12,8.12,0,35.897435897434924,0.21107907431558282,0.24400040103507595,-0.03292132671949313,63.47728237271638
2019-10-24,8.12,8.12,8.12,8.12,0,35.897435897434924,0.20156577636636364,0.2355134761013335,-0.03394769973496986,63.477282372716395
2019-10-25,8.12,8.12,8.12,8.12,0,35.897435897434924,0.1918152919176439,0.22677383926459557,-0.03495854734695167,63.477282372716395
2019-10-28,8.12,8.12,8.12,8.12,0,35.897435897434924,0.18199009422229206,0.21781709025613488,-0.03582699603384282,63.477282372716395
2019-10-29,8.12,8.12,8.12,8.12,0,35.897435897434924,0.17221832857240216,0.20869733791938833,-0.03647900934698617,63.477282372716395
2019-10-30,8.12,8.12,8.12,8.12,0,35.897435897434924,0.1625997847888998,0.1994778272932906,-0.03687804250439081,63.47728237271638
2019-10-31,7.66,7.66,7.66,7.66,0,-233.3333333333365,0.11651574296662481,0.18288541042795745,-0.06636966746133263,40.00293981100918
2019-11-01,8.12,8.12,8.12,8.12,0,38.88888888888837,0.11577735415468204,0.16946379917330237,-0.05368644501862033,57.09143404953046
2019-11-04,8.12,8.12,8.12,8.12,0,35.897435897434924,0.11387944435438868,0.15834692820951962,-0.04446748385513094,57.09143404953046
2019-11-05,8.12,8.12,8.12,8.12,0,35.897435897434924,0.11109470654100306,0.1488964838758163,-0.03780177733481324,57.09143404953046
2019-11-06,8.12,8.12,8.12,8.12,0,35.897435897434924,0.10764689535910854,0.14064656617247476,-0.032999670813366216,57.09143404953046
2019-11-07,8.12,8.12,8.12,8.12,0,35.897435897434924,0.10371887354583986,0.13326102764714778,-0.02954215410130792,57.09143404953046
2019-11-08,8.12,8.12,8.12,8.12,0,35.897435897434924,0.09945938211326943,0.1265006985403721,-0.02704131642710267,57.09143404953046
2019-11-11,7.66,7.66,7.66,7.66,100,-233.3333333333365,0.0582935767787669,0.11285927418805106,-0.05456569740928416,39.5286346894243
2019-11-12,7.66,7.66,7.66,7.66,0,-155.55555555555696,0.02537685092662123,0.09536278953576509,-0.06998593860914386,39.5286346894243
2019-11-13,7.66,7.66,7.66,7.66,100,-116.66666666666801,-0.0007018015322008964,0.0761498713221719,-0.07685167285437279,39.52863468942431
2019-11-14,7.66,7.66,7.66,7.66,0,-93.33333333333384,-0.021125796461110014,0.05669473776551551,-0.07782053422662552,39.52863468942431
2019-11-15,7.66,7.66,7.66,7.66,0,-77.77777777777843,-0.036886752072522455,0.03797843979790791,-0.07486519187043036,39.52863468942431
2019-11-18,7.66,7.66,7.66,7.66,0,-66.66666666666718,-0.048814717271520536,0.02061980838402222,-0.06943452565554276,39.52863468942431
2019-11-19,7.66,7.66,7.66,7.66,0,-58.33333333333376,-0.057603696076758304,0.004975107491866113,-0.06257880356862441,39.5286346894243
2019-11-20,7.66,7.66,7.66,7.66,0,-58.33333333333376,-0.0638331957552003,-0.008786553157547169,-0.05504664259765313,39.52863468942431
2019-11-21,7.66,7.66,7.66,7.66,0,-51.85185185185201,-0.06798641407015982,-0.020626525340069698,-0.047359888730090116,39.5286346894243
2019-11-22,7.66,7.66,7.66,7.66,0,-46.66666666666658,-0.07046558609390097,-0.03059433749083595,-0.03987124860306501,39.5286346894243
2019-11-25,7.66,7.66,7.66,7.66,0,-42.424242424242294,-0.07160493071542007,-0.03879645613575278,-0.03280847457966729,39.5286346894243
2019-11-26,7.66,7.66,7.66,7.66,0,-38.88888888888837,-0.0716815690289705,-0.04537347871439632,-0.02630809031457417,39.52863468942431
2019-11-27,7.66,7.66,7.66,7.66,0,-35.897435897434924,-0.0709247293141857,-0.050483728834354195,-0.020441000479831502,39.5286346894243
2019-11-28,7.66,7.66,7.66,7.66,0,66.66666666666667,-0.06952350470215496,-0.05429168400791435,-0.01523182069424061,39.5286346894243
2019-11-29,7.66,7.66,7.66,7.66,0,66.66666666666667,-0.06763338849954259,-0.05696002490624,-0.010673363593302593,39.52863468942431
2019-12-02,7.66,7.66,7.66,7.66,0,66.66666666666667,-0.06538177736074857,-0.058644375397141714,-0.006737401963606858,39.5286346894243
2019-12-03,7.66,7.66,7.66,7.66,0,66.66666666666667,-0.06287260307980436,-0.05949002093367424,-0.003382582146130117,39.5286346894243
2019-12-04,7.66,7.66,7.66,7.66,0,66.66666666666667,-0.06019022889296988,-0.059630062525533364,-0.0005601663674365126,39.5286346894243
2019-12-05,7.66,7.66,7.66,7.66,0,66.66666666666667,-0.05740272514097278,-0.059184595048621245,0.0017818699076484687,39.52863468942431
2019-12-06,7.66,7.66,7.66,7.66,0,66.66666666666667,-0.05456462134506612,-0.05826060030791022,0.0036959789628440987,39.528634689424315
2019-12-09,7.66,7.66,7.66,7.66,0,66.66666666666667,-0.05171921670331425,-0.056952323586991024,0.005233106883676772,39.52863468942431
2019-12-10,7.66,7.66,7.66,7.66,0,66.66666666666667,-0.048900518289369366,-0.05534196252746669,0.006441444238097324,39.52863468942431
2019-12-11,7.66,7.66,7.66,7.66,0,66.66666666666667,-0.04613486547742518,-0.05350054311745839,0.007365677640033208,39.5286346894243
2019-12-12,7.66,7.66,7.66,7.66,0,66.66666666666667,-0.04344229002103095,-0.0514888924981729,0.008046602477141951,39.5286346894243
2019-12-13,7.66,7.66,7.66,7.66,0,66.66666666666667,-0.04083765352361546,-0.049358644703261415,0.008520991179645956,39.528634689424294
2019-12-16,7.66,7.66,7.66,7.66,0,66.66666666666667,-0.0383315975381926,-0.04715323527024765,0.008821637732055056,39.5286346894243
2019-12-17,7.66,7.66,7.66,7.66,0,66.66666666666667,-0.03593133603920684,-0.04490885542403949,0.008977519384832648,39.5286346894243
2019-12-18,7.66,7.66,7.66,7.66,0,66.66666666666667,-0.03364131536576487,-0.04265534741238457,0.0090140320466197,39.5286346894243
2019-12-19,7.66,7.66,7.66,7.66,0,66.66666666666667,-0.03146376281117913,-0.04041703049214348,0.008953267680964348,39.5286346894243
2019-12-20,7.66,7.66,7.66,7.66,0,66.66666666666667,-0.029399141717858512,-0.038213452737286484,0.008814311019427971,39.52863468942431
2019-12-23,7.66,7.66,7.66,7.66,0,66.66666666666667,-0.027446528135138593,-0.0360600678168569,0.00861353968171831,39.5286346894243
2019-12-24,7.66,7.66,7.66,7.66,0,66.66666666666667,-0.02560392173118231,-0.03396883859972198,0.00836491686853967,39.5286346894243
2019-12-25,7.66,7.66,7.66,7.66,0,66.66666666666667,-0.023868501651373997,-0.031948771210052386,0.00808026955867839,39.5286346894243
2019-12-26,7.66,7.66,7.66,7.66,0,66.66666666666667,-0.022236836327861553,-0.03000638423361422,0.0077695479057526655,39.52863468942431
2019-12-27,7.66,7.66,7.66,7.66,0,66.66666666666667,-0.020705054819949886,-0.028146118350881353,0.007441063530931467,39.52863468942431
2019-12-30,7.66,7.66,7.66,7.66,0,66.66666666666667,-0.019268986062241034,-0.02637069189315329,0.0071017058309122555,39.528634689424315
2019-12-31,7.66,7.66,7.66,7.66,0,66.66666666666667,-0.017924271382415924,-0.024681407791005815,0.0067571364085898915,39.52863468942431
2020-01-02,7.66,7.66,7.66,7.66,0,66.66666666666667,-0.016666454794148855,-0.023078417191634424,0.006411962397485569,39.52863468942431
2020-01-03,7.66,7.66,7.66,7.66,0,66.66666666666667,-0.015491054848422614,-0.02156094472299206,0.0060698898745694466,39.52863468942431
2020-01-06,7.66,7.66,7.66,7.66,0,66.66666666666667,-0.01439362121745802,-0.020127480021885254,0.0057338588044272346,39.52863468942431
2020-01-07,7.66,7.66,7.66,7.66,0,66.66666666666667,-0.013369778672201349,-0.018775939751948474,0.005406161079747125,39.52863468942431
2020-01-08,7.66,7.66,7.66,7.66,0,66.66666666666667,-0.012415260681789775,-0.017503803937916736,0.005088543256126961,39.5286346894243
2020-01-09,7.66,7.66,7.66,7.66,0,66.66666666666667,-0.011525934499196033,-0.016308230050172595,0.004782295550976562,39.5286346894243
2020-01-10,7.66,7.66,7.66,7.66,0,66.66666666666667,-0.010697819290620636,-0.015186147898262203,0.004488328607641567,39.5286346894243
2020-01-13,7.66,7.66,7.66,7.66,0,66.66666666666667,-0.009927098608224938,-0.01413433804025475,0.004207239432029813,39.5286346894243
2020-01-14,7.66,7.66,7.66,7.66,0,66.66666666666667,-0.009210128288875907,-0.013149496089978983,0.003939367801103075,39.52863468942431
2020-01-15,7.66,7.66,7.66,7.66,0,66.66666666666667,-0.008543440679256165,-0.012228285007834419,0.0036848443285782545,39.52863468942431
2020-01-16,7.66,7.66,7.66,7.66,0,66.66666666666667,-0.007923745934633963,-0.011367377193194328,0.003443631258560365,39.52863468942431
2020-01-17,7.66,7.66,7.66,7.66,0,66.66666666666667,-0.00734793101010478,-0.010563487956576419,0.0032155569464716385,39.52863468942431
2020-01-20,7.66,7.66,7.66,7.66,0,66.66666666666667,-0.0068130568554440885,-0.009813401736349953,0.003000344880905864,39.528634689424315
2020-01-21,7.66,7.66,7.66,7.66,0,66.66666666666667,-0.00631635423449417,-0.009113992235978797,0.0027976380014846265,39.52863468942431
2020-01-22,7.66,7.66,7.66,7.66,0,66.66666666666667,-0.005855218514553506,-0.008462237491693739,0.0026070189771402325,39.52863468942431
2020-01-30,7.66,7.66,7.66,7.66,0,66.66666666666667,-0.005427203708165962,-0.007855230734988183,0.002428027026822221,39.528634689424315
2020-01-31,7.66,7.66,7.66,7.66,0,66.66666666666667,-0.005030015997085968,-0.00729018778740774,0.0022601717903217716,39.52863468942431
2020-02-03,7.66,7.66,7.66,7.66,0,66.66666666666667,-0.004661506924334979,-0.006764451614793188,0.0021029446904582087,39.52863468942431
2020-02-04,7.66,7.66,7.66,7.66,0,66.66666666666667,-0.004319666403811873,-0.006275494572596925,0.0019558281687850525,39.52863468942431
2020-02-05,7.66,7.66,7.66,7.66,0,66.66666666666667,-0.004002615666606424,-0.0058209187913988245,0.0018183031247924007,39.5286346894243
2020-02-06,7.66,7.66,7.66,7.66,0,66.66666666666667,-0.0037086002381219174,-0.005398455080743443,0.0016898548426215257,39.52863468942431
2020-02-07,7.66,7.66,7.66,7.66,0,66.66666666666667,-0.003435983019358879,-0.005005960668466531,0.0015699776491076515,39.52863468942431
2020-02-10,7.66,7.66,7.66,7.66,0,66.66666666666667,-0.003183237528655347,-0.004641416040504294,0.001458178511848947,39.5286346894243
2020-02-11,7.66,7.66,7.66,7.66,0,66.66666666666667,-0.002948941346152978,-0.0043029211016340305,0.0013539797554810527,39.5286346894243
2020-02-12,7.66,7.66,7.66,7.66,0,66.66666666666667,-0.0027317697918141093,-0.003988690839670047,0.0012569210478559373,39.528634689424294
2020-02-13,7.66,7.66,7.66,7.66,0,66.66666666666667,-0.0025304898584517233,-0.003697050643426382,0.0011665607849746587,39.5286346894243
2020-02-14,7.66,7.66,7.66,7.66,0,66.66666666666667,-0.0023439544136989454,-0.0034264313974808947,0.0010824769837819493,39.528634689424294
2020-02-17,7.66,7.66,7.66,7.66,0,66.66666666666667,-0.0021710966787642505,-0.0031753644537375657,0.0010042677749733152,39.528634689424294
2020-02-18,7.66,7.66,7.66,7.66,0,66.66666666666667,-0.00201092498696287,-0.0029424765603826264,0.0009315515734197566,39.528634689424294
2020-02-19,7.66,7.66,7.66,7.66,0,66.66666666666667,-0.0018625178211708615,-0.0027264848125402733,0.0008639669913694118,39.528634689424294
2020-02-20,7.66,7.66,7.66,7.66,0,66.66666666666667,-0.0017250191263631365,-0.002526191675304846,0.0008011725489417095,39.52863468942429
2020-02-21,7.66,7.66,7.66,7.66,0,66.66666666666667,-0.001597633891099015,-0.0023404801184636797,0.0007428462273646646,39.52863468942429
2020-02-24,7.66,7.66,7.66,7.66,0,66.66666666666667,-0.0014796239900674024,-0.0021683088927844244,0.000688684902717022,39.528634689424294
2020-02-25,7.66,7.66,7.66,7.66,0,66.66666666666667,-0.0013703042785468966,-0.0020087079699369187,0.0006384036913900221,39.52863468942429
2020-02-26,7.66,7.66,7.66,7.66,0,66.66666666666667,-0.001269038928739974,-0.0018607741616975299,0.0005917352329575559,39.52863468942429
2020-02-27,7.66,7.66,7.66,7.66,0,66.66666666666667,-0.0011752379973666294,-0.0017236669288313497,0.0005484289314647204,39.52863468942429
2020-02-28,7.66,7.66,7.66,7.66,0,66.66666666666667,-0.001088354213557352,-0.0015966043857765502,0.0005082501722191981,39.52863468942428
2020-03-02,7.66,7.66,7.66,7.66,0,66.66666666666667,-0.0010078799759449808,-0.0014788595038102363,0.00047097952786525547,39.52863468942429
2020-03-03,6.93,8.25,6.93,8.25,5100,466.6666666667188,0.04613218251763662,0.008043348900479136,0.03808883361715749,99.41472798083507
2020-03-04,8.25,8.25,8.25,8.25,0,395.1951951952036,0.082539557035199,0.022942590527423107,0.05959696650777589,99.41472798083507
2020-03-05,8.25,8.25,8.25,8.25,0,221.05263157894998,0.11012323157704706,0.0403787187373479,0.06974451283969917,99.41472798083508
2020-03-06,8.25,8.25,8.25,8.25,10,154.09722222222294,0.13047940699784544,0.058398856389447404,0.07208055060839803,99.41472798083507
2020-03-09,8.25,8.25,8.25,8.25,0,116.66666666666708,0.14494103267513392,0.07570729164658471,0.0692337410285492,99.41472798083507
2020-03-10,8.25,8.25,8.25,8.25,0,93.33333333333358,0.15461961652286593,0.09148975662184096,0.06312985990102497,99.41472798083507
2020-03-11,8.25,8.25,8.25,8.25,0,77.77777777777794,0.16044050567396173,0.10527990643226512,0.05516059924169661,99.41472798083507
2020-03-12,8.25,8.25,8.25,8.25,0,66.66666666666677,0.16317264953109945,0.11685845505203199,0.046314194479067455,99.41472798083507
2020-03-13,7.46,7.46,7.46,7.46,100,-109.7288676236046,0.10043375768662255,0.1135735155789501,-0.013139757892327547,29.248299261454232
2020-03-16,7.46,7.46,7.46,7.46,0,-101.6742770167429,0.0501348109972275,0.10088577466260558,-0.05075096366537808,29.248299261454225
2020-03-17,7.26,7.26,7.26,7.26,1100,-126.63877266387712,-0.0057989485001304075,0.07954883003005839,-0.0853477785301888,24.22762775112647
2020-03-18,7.39,7.39,7.39,7.39,1100,-92.27722772277234,-0.03918523929150641,0.05580201616574543,-0.09498725545725184,32.355748144235136
2020-03-19,7.39,7.39,7.39,7.39,0,-84.21052631578955,-0.06489603419310885,0.03166240609397457,-0.09655844028708342,32.355748144235136
2020-03-20,7.39,7.39,7.39,7.39,0,-76.92307692307686,-0.08430026342720609,0.008469872189738437,-0.09277013561694453,32.355748144235136
2020-03-23,6.93,6.93,6.93,6.93,2500,-123.75064399793924,-0.13523747706158762,-0.020271597660526774,-0.11496587940106084,21.949853914385862
2020-03-24,6.93,6.93,6.93,6.93,0,-106.7322778490944,-0.17360438259209676,-0.050938154646840775,-0.12266622794525599,21.949853914385866
2020-03-25,6.93,7.26,6.93,7.26,200,-68.34645669291348,-0.17536074011495018,-0.07582267174046266,-0.09953806837448752,38.42585542204713
2020-03-26,7.26,7.26,7.26,7.26,0,-46.99730094466928,-0.17473839070846875,-0.09560581553406387,-0.07913257517440488,38.425855422047135
2020-03-27,7.26,7.26,7.26,7.26,0,-42.78851068179495,-0.1722594743277952,-0.11093654729281013,-0.06132292703498507,38.425855422047135
2020-03-30,7.26,7.26,7.26,7.26,0,-36.8615060558189,-0.16835423244176528,-0.12242008432260117,-0.04593414811916412,38.42585542204714
2020-03-31,7.26,7.26,7.26,7.26,5000,-24.99116295510795,-0.1633760032439726,-0.13061126810687546,-0.032764735137097156,38.42585542204714
2020-04-01,7.26,7.26,7.26,7.26,3500,-0.8515815085165513,-0.15761384642810672,-0.13601178377112172,-0.021602062656985,38.42585542204714
2020-04-03,7.26,7.26,7.26,7.26,0,8.203124999999238,-0.15130316691222223,-0.13907006039934183,-0.012233106512880398,38.42585542204714
2020-04-06,7.26,7.26,7.26,7.26,0,18.39557399723298,-0.1446346497198654,-0.14018297826344656,-0.0044516714564188375,38.42585542204714
2020-04-07,7.26,7.26,7.26,7.26,0,18.39557399723298,-0.1377617698714957,-0.13969873658505638,0.001936966713560695,38.425855422047135
2020-04-08,7.26,7.26,7.26,7.26,0,25.729729729729,-0.13080710024816877,-0.13792040931767885,0.0071133090695100765,38.42585542204714
2020-04-09,7.26,7.26,7.26,7.26,0,33.709556057185154,-0.12386760581111123,-0.13510984861636532,0.011242242805254099,38.425855422047135
2020-04-10,7.26,7.26,7.26,7.26,0,42.42424242424131,-0.11701908332269095,-0.13149169555763046,0.014472612234939508,38.42585542204714
2020-04-13,7.26,7.26,7.26,7.26,0,38.88888888888793,-0.11031988099332857,-0.12725733264477007,0.016937451651441504,38.425855422047135
2020-04-14,7.92,7.92,7.92,7.92,100,466.66666666665935,-0.051164438929089506,-0.11203875390163395,0.06087431497254445,70.76795397085566
2020-04-15,7.59,7.59,7.59,7.59,400,142.5925925925911,-0.030559298406632962,-0.09574286280263375,0.06518356439600079,55.16552393024787
2020-04-16,7.59,7.59,7.59,7.59,0,106.06060606060508,-0.014067415679276607,-0.07940777337796232,0.06534035769868571,55.165523930247886
2020-04-17,7.59,7.59,7.59,7.59,0,83.99999999999926,-0.0009861125090768752,-0.06372344120418523,0.06273732869510835,55.165523930247886
2020-04-20,7.59,7.59,7.59,7.59,0,69.13580246913521,0.009274009490470192,-0.04912395106525415,0.05839796055572434,55.165523930247886
2020-04-21,7.59,7.59,7.59,7.59,0,58.333333333332796,0.017206879894782645,-0.03585778487324679,0.053064664768029436,55.16552393024789
2020-04-22,7.59,7.59,7.59,7.59,0,49.99999999999982,0.023226001950642505,-0.024041027508468933,0.04726702945911144,55.165523930247886
2020-04-23,6.93,6.93,6.93,6.93,5000,-155.55555555555645,-0.02497241811329154,-0.024227305629433454,-0.0007451124838580847,32.683903232045196
2020-04-24,6.93,6.93,6.93,6.93,0,-133.33333333333405,-0.062450127073772954,-0.031871869918301356,-0.0305782571554716,32.68390323204519
2020-04-27,6.93,6.93,6.93,6.93,0,-115.15151515151575,-0.09110132210464883,-0.04371776035557085,-0.04738356174907798,32.68390323204519
2020-04-28,7.26,7.26,7.26,7.26,1500,-30.30303030303057,-0.08618586154929808,-0.0522113805943163,-0.03397448095498178,46.34020068187281
2020-04-29,7.26,7.26,7.26,7.26,3766,-30.30303030303057,-0.0813525421791601,-0.05803961291128506,-0.023312929267875045,46.3402006818728
2020-05-04,7.26,7.26,7.26,7.26,800,-30.30303030303057,-0.07663865900108391,-0.06175942212924483,-0.014879236871839077,46.3402006818728
2020-05-05,7.26,7.26,7.26,7.26,500,-30.30303030303057,-0.07207207065357668,-0.0638219518341112,-0.008250118819465482,46.3402006818728
2020-05-06,7.26,7.26,7.26,7.26,2000,-21.212121212121232,-0.0676729251316992,-0.0645921464936288,-0.0030807786380704083,46.34020068187281
2020-05-07,7.26,7.26,7.26,7.26,600,-15.555555555555564,-0.06345509972132035,-0.0643647371391671,0.0009096374178467481,46.340200681872794
2020-05-08,7.13,7.13,7.13,7.13,500,-53.31825037707418,-0.06979777098417106,-0.0654513439081679,-0.004346427076003162,41.203485247803066
2020-05-11,7.13,7.13,7.13,7.13,0,-44.938271604938066,-0.0739716841276099,-0.0671554119520563,-0.0068162721755536115,41.203485247803066
2020-05-12,7.13,7.13,7.13,7.13,0,-34.222222222221596,-0.07639886184252553,-0.06900410193015014,-0.007394759912375398,41.203485247803066
2020-05-13,7.59,7.59,7.59,7.59,100,166.13333333333324,-0.040734697808997744,-0.06335022110591966,0.022615523296921916,60.53626527791699
2020-05-14,7.59,7.59,7.59,7.59,0,166.13333333333324,-0.01232847587037611,-0.05314587205881095,0.04081739618843484,60.53626527791699
2020-05-15,7.59,7.59,7.59,7.59,0,151.66666666666646,0.010067606570086873,-0.04050317633303139,0.05057078290311826,60.53626527791699
2020-05-18,7.59,7.59,7.59,7.59,0,116.66666666666708,0.02749966424771344,-0.026902608216882423,0.05440227246459586,60.53626527791698
2020-05-19,7.59,7.59,7.59,7.59,0,93.33333333333364,0.04084387280713386,-0.013353312012079165,0.054197184819213026,60.53626527791698
2020-05-20,7.59,7.59,7.59,7.59,0,77.777777777778,0.0508332798231228,-0.0005159936450387717,0.05134927346816157,60.53626527791699
2020-05-21,7.59,7.59,7.59,7.59,0,66.66666666666713,0.05808044167527182,0.011203293419023347,0.046877148256248474,60.53626527791699
2020-05-22,7.59,7.59,7.59,7.59,0,58.33333333333345,0.06309653211014332,0.02158194115724734,0.04151459095289598,60.53626527791699
2020-05-25,7.59,7.59,7.59,7.59,0,51.85185185185193,0.06630746869461301,0.030527046664720475,0.03578042202989254,60.53626527791698
2020-05-26,7.59,7.59,7.59,7.59,0,46.6666666666665,0.06806751908193753,0.038035141148163885,0.030032377933773648,60.53626527791699
2020-05-27,7.59,7.59,7.59,7.59,0,42.42424242424224,0.06867077771494756,0.04416226846152062,0.024508509253426944,60.53626527791699
2020-05-28,7.59,7.59,7.59,7.59,0,38.888888888888324,0.06836084327967118,0.04900198342515073,0.019358859854520447,60.53626527791699
2020-05-29,7.59,7.59,7.59,7.59,0,35.897435897434896,0.06733897620611096,0.05266938198134278,0.014669594224768177,60.53626527791699
2020-06-01,7.59,7.59,7.59,7.59,0,-66.66666666666667,0.06577097235980389,0.055289700057035,0.010481272302768893,60.53626527791699
2020-06-02,7.59,7.59,7.59,7.59,0,-66.66666666666667,0.06379295256728668,0.056990350559085336,0.00680260200820134,60.53626527791699
2020-06-03,7.59,7.59,7.59,7.59,0,-66.66666666666667,0.061516236746172126,0.05789552779650269,0.0036207089496694336,60.53626527791699
2020-06-04,7.59,7.59,7.59,7.59,0,-66.66666666666667,0.05903144529947291,0.05812271129709674,0.00090873400237617,60.536265277917
2020-06-05,7.59,7.59,7.59,7.59,0,-66.66666666666667,0.05641194835064045,0.05778055870780548,-0.001368610357165026,60.536265277917
2020-06-08,7.72,7.72,7.72,7.72,100,466.6666666666169,0.06408713509043729,0.05904187398433184,0.005045261106105446,70.82677678098315
2020-06-09,7.72,7.72,7.72,7.72,0,233.33333333331942,0.06937012031289402,0.061107523250044274,0.00826259706284975,70.82677678098315
2020-06-10,7.72,7.72,7.72,7.72,0,155.55555555554858,0.07271866861752052,0.06342975232353952,0.009288916293981,70.82677678098315
2020-06-11,7.72,7.72,7.72,7.72,0,116.66666666666416,0.07451347234772676,0.06564649632837696,0.008866976019349798,70.82677678098315
2020-06-12,7.72,7.72,7.72,7.72,0,93.33333333333147,0.07507050122640369,0.06753129730798231,0.007539203918421375,70.82677678098315
2020-06-15,7.72,7.72,7.72,7.72,0,77.77777777777732,0.07465141557606358,0.06895532096159857,0.005696094614465019,70.82677678098315
2020-06-16,7.72,7.72,7.72,7.72,0,66.66666666666531,0.07347234373518674,0.0698587255163162,0.0036136182188705457,70.82677678098315
2020-06-17,7.72,7.72,7.72,7.72,0,58.33333333333206,0.07171127783438358,0.07022923597992967,0.0014820418544539138,70.82677678098315
2020-06-18,7.72,7.72,7.72,7.72,0,51.851851851851364,0.06951430280857629,0.07008624934565899,-0.0005719465370827015,70.82677678098315
2020-06-19,7.72,7.72,7.72,7.72,0,46.66666666666611,0.0670008402919624,0.06946916753491968,-0.0024683272429572717,70.82677678098315
2020-06-22,7.72,7.72,7.72,7.72,0,42.424242424242614,0.06426806093801218,0.06842894621553818,-0.004160885277525991,70.82677678098315
2020-06-23,7.72,7.72,7.72,7.72,0,38.88888888888905,0.06139459493776034,0.06702207595998261,-0.005627481022222269,70.82677678098315
2020-06-24,7.72,7.72,7.72,7.72,0,35.89743589743788,0.05844365040835786,0.06530639084965766,-0.0068627404412997944,70.82677678098315
2020-06-25,7.72,7.72,7.72,7.72,0,0.0,0.055465632325112146,0.06333823914474855,-0.007872606819636405,70.82677678098315
2020-06-26,7.72,7.72,7.72,7.72,0,0.0,0.05250034029607331,0.0611706593750135,-0.00867031907894019,70.82677678098315
2020-06-29,7.72,7.72,7.72,7.72,0,0.0,0.04957881132407849,0.058852289764826496,-0.00927347844074801,70.82677678098315
2020-06-30,7.72,7.72,7.72,7.72,0,0.0,0.04672486342494775,0.056426804496850745,-0.009701941071902996,70.82677678098315
2020-07-01,7.72,7.72,7.72,7.72,0,0.0,0.0439563872826092,0.05393272105400244,-0.009976333771393238,70.82677678098315
2020-07-02,7.72,7.72,7.72,7.72,0,0.0,0.0412864257775567,0.05140346199871329,-0.010117036221156589,70.82677678098315
2020-07-03,7.72,7.72,7.72,7.72,34,0.0,0.038724075016873805,0.048867584602345394,-0.01014350958547159,70.82677678098314
2020-07-06,7.72,7.72,7.72,7.72,0,0.0,0.036275235246916004,0.046349114731259515,-0.01007387948434351,70.82677678098315
2020-07-07,7.72,7.72,7.72,7.72,0,0.0,0.03394323559527468,0.04386793890406255,-0.00992470330878787,70.82677678098315
2020-07-08,8.45,8.45,8.45,8.45,100,466.6666666666627,0.08996297107509665,0.05308694533826937,0.036876025736827286,96.55822197424959
2020-07-09,8.45,8.45,8.45,8.45,0,233.33333333333235,0.13282785817666554,0.0690351279059486,0.06379273027071694,96.55822197424959
2020-07-10,8.45,8.45,8.45,8.45,0,155.55555555555512,0.16489775139667895,0.08820765260409466,0.07669009879258429,96.55822197424959
2020-07-13,9.24,9.24,9.24,9.24,100,221.006289308176,0.25116450247906297,0.12079902257908832,0.13036547989997466,98.42996727175827
2020-07-14,9.24,9.24,9.24,9.24,0,159.1247078818782,0.3158901393387197,0.1598172459310146,0.15607289340770508,98.42996727175827
2020-07-15,9.24,9.24,9.24,9.24,0,125.56790123456803,0.3630012207605162,0.20045404089691493,0.1625471798636013,98.42996727175827
2020-07-16,9.24,9.24,9.24,9.24,0,104.87706569931491,0.3957748461392967,0.23951820194539128,0.15625664419390542,98.42996727175827
2020-07-17,8.32,8.32,8.32,8.32,1100,-4.08518035636688,0.343551619913109,0.26032488553893485,0.08322673437417416,53.15222224769356
2020-07-20,8.32,8.32,8.32,8.32,0,-10.089580386609924,0.2987208686542644,0.2680040821620008,0.030716786492263615,53.15222224769356
2020-07-21,8.32,8.32,8.32,8.32,0,-17.20762493560026,0.26019283426452233,0.2664418325825051,-0.006248998317982757,53.15222224769356
2020-07-22,8.32,8.32,8.32,8.32,0,-24.960728872133217,0.22704189183079926,0.2585618444321639,-0.03151995260136464,53.15222224769356
2020-07-23,7.72,7.72,7.72,7.72,1500,-117.32642161482877,0.15061831138465287,0.2369731378226617,-0.08635482643800882,37.870792261415254
2020-07-24,7.72,7.72,7.72,7.72,0,-117.32642161482877,0.08902583882559689,0.20738367802324872,-0.11835783919765183,37.870792261415254
2020-07-27,7.72,7.72,7.72,7.72,0,-117.32642161482877,0.039755088657384974,0.17385796015007599,-0.134102871492691,37.87079226141525
2020-07-28,7.72,7.72,7.72,7.72,0,-101.01626016260165,0.0006995996235161783,0.13922628804476403,-0.13852668842124785,37.87079226141525
2020-07-29,7.72,7.72,7.72,7.72,0,-87.19821464800155,-0.02990740289160776,0.10539954985748967,-0.13530695274909743,37.87079226141525
2020-07-30,7.72,7.72,7.72,7.72,0,-77.29166666666669,-0.05354642306281043,0.07361035527342966,-0.1271567783362401,37.87079226141525
2020-07-31,7.72,7.72,7.72,7.72,0,-66.66666666666667,-0.0714568072646049,0.04459692276582274,-0.11605373003042765,37.870792261415254
2020-08-03,7.72,7.72,7.72,7.72,0,-58.333333333333336,-0.08467483696954758,0.018742570818748673,-0.10341740778829625,37.87079226141526
2020-08-04,7.72,7.72,7.72,7.72,0,-51.85185185185186,-0.0940658877415732,-0.0038191208933157014,-0.0902467668482575,37.87079226141526
2020-08-05,7.72,7.72,7.72,7.72,0,-46.66666666666652,-0.10035157267416839,-0.023125611249486238,-0.07722596142468215,37.87079226141526
2020-08-06,7.72,7.72,7.72,7.72,0,-42.42424242424231,-0.10413264693561253,-0.039327018386711494,-0.06480562854890104,37.87079226141526
2020-08-07,7.72,7.72,7.72,7.72,0,-38.88888888888903,-0.10590833022380242,-0.05264328075412968,-0.05326504946967273,37.87079226141526
2020-08-10,7.72,7.72,7.72,7.72,0,-35.897435897435805,-0.10609260254105912,-0.06333314511151557,-0.042759457429543554,37.87079226141527
2020-08-11,7.72,7.72,7.72,7.72,0,0.0,-0.10502794293160456,-0.07167210467553337,-0.03335583825607119,37.87079226141526
2020-08-12,7.72,7.72,7.72,7.72,0,0.0,-0.10299690827540342,-0.07793706539550738,-0.025059842879896044,37.87079226141526
2020-08-13,7.72,7.72,7.72,7.72,0,0.0,-0.10023188786640969,-0.08239602988968783,-0.017835857976721853,37.870792261415254
2020-08-14,7.72,7.72,7.72,7.72,0,0.0,-0.09692331759877693,-0.08530148743150565,-0.01162183016727128,37.87079226141526
2020-08-17,7.72,7.72,7.72,7.72,0,0.0,-0.093226593684264,-0.08688650868205731,-0.0063400850022066885,37.87079226141526
2020-08-18,7.72,7.72,7.72,7.72,0,0.0,-0.08926788869501046,-0.08736278468464795,-0.0019051040103625072,37.87079226141527
2020-08-19,7.72,7.72,7.72,7.72,0,0.0,-0.08514904132513923,-0.0869200360127462,0.0017709946876069693,37.87079226141526
2020-08-20,7.72,7.72,7.72,7.72,0,0.0,-0.08095166470971105,-0.08572636175213917,0.004774697042428125,37.87079226141527
2020-08-21,7.72,7.72,7.72,7.72,0,0.0,-0.07674059568383829,-0.08392920853847899,0.007188612854640702,37.87079226141527
2020-08-24,7.72,7.72,7.72,7.72,0,0.0,-0.07256678837657216,-0.08165672450609762,0.009089936129525467,37.87079226141527
2020-08-25,7.72,7.72,7.72,7.72,0,0.0,-0.0684697394791236,-0.07901932750070281,0.01054958802157921,37.87079226141527
2020-08-26,7.72,7.72,7.72,7.72,0,0.0,-0.06447951895287041,-0.07611136579113634,0.01163184683826593,37.87079226141527
2020-08-27,7.72,7.72,7.72,7.72,0,0.0,-0.0606184684670259,-0.07301278632631425,0.01239431785928835,37.87079226141527
2020-08-28,7.72,7.72,7.72,7.72,0,0.0,-0.05690262015513081,-0.06979075309207756,0.012888132936946753,37.87079226141526
2020-08-31,7.72,7.72,7.72,7.72,0,0.0,-0.053342880079941146,-0.06650117848965029,0.01315829840970914,37.87079226141527
2020-09-01,7.72,7.72,7.72,7.72,0,0.0,-0.04994601386627462,-0.06319014556497515,0.013244131698700534,37.87079226141527
2020-09-03,7.72,7.72,7.72,7.72,0,0.0,-0.04671546610495447,-0.05989520967297102,0.013179743568016544,37.87079226141527
2020-09-04,7.72,7.72,7.72,7.72,0,0.0,-0.04365204018249624,-0.056646575774876064,0.01299453559237982,37.87079226141527
2020-09-07,7.72,7.72,7.72,7.72,0,0.0,-0.04075446101039937,-0.053468152821980724,0.012713691811581357,37.87079226141527
2020-09-08,7.72,7.72,7.72,7.72,0,0.0,-0.03801983959624433,-0.05037849017683345,0.012358650580589117,37.87079226141527
2020-09-09,7.72,7.72,7.72,7.72,0,0.0,-0.03544405541596696,-0.04739160322466015,0.011947547808693192,37.87079226141527
2020-09-10,7.72,7.72,7.72,7.72,0,0.0,-0.033022070027818096,-0.04451769658529174,0.011495626557473645,37.87079226141527
2020-09-11,7.72,7.72,7.72,7.72,0,0.0,-0.030748183241914973,-0.04176379391661639,0.011015610674701415,37.870792261415275
2020-09-14,7.0,7.0,7.0,7.0,500,-466.6666666666614,-0.08605213880005991,-0.05062146289330509,-0.03543067590675482,6.3421055355890195
2020-09-15,7.0,7.0,7.0,7.0,0,-233.33333333333286,-0.1284007975558703,-0.06617732982581813,-0.062223467730052176,6.342105535589021
2020-09-16,7.0,7.0,7.0,7.0,0,-155.5555555555552,-0.16011668920152378,-0.08496520170095925,-0.07515148750056452,6.342105535589021
2020-09-17,7.0,7.0,7.0,7.0,0,-116.66666666666637,-0.18314063064240305,-0.10460028748924802,-0.07854034315315503,6.3421055355890195
2020-09-18,6.34,6.34,6.34,6.34,900,-183.30725091288474,-0.2517418311371964,-0.1340285962188377,-0.1177132349183587,3.1296123681834396
2020-09-21,6.34,6.34,6.34,6.34,0,-141.48936170212764,-0.3026203576657407,-0.1677469485082183,-0.13487340915752238,3.1296123681834405
2020-09-22,6.34,6.34,6.34,6.34,0,-116.8091168091169,-0.339033786055162,-0.20200431601760704,-0.13702947003755495,3.1296123681834405
2020-09-23,6.34,6.34,6.34,6.34,0,-101.11111111111116,-0.3636991925020858,-0.2343432913145028,-0.12935590118758303,3.1296123681834405
2020-09-24,6.34,6.34,6.34,6.34,0,-91.04294478527618,-0.3788792210003642,-0.26325047725167505,-0.11562874374868914,3.129612368183441
2020-09-25,6.34,6.34,6.34,6.34,0,-77.77777777777804,-0.3864546938010056,-0.28789132056154115,-0.09856337323946446,3.129612368183441
2020-09-28,6.34,6.34,6.34,6.34,1,-66.66666666666687,-0.387985851194089,-0.30791022668805074,-0.08007562450603828,3.129612368183441
2020-09-29,6.54,6.93,6.54,6.93,1480,6.598407281000917,-0.33769845768503437,-0.31386787288744744,-0.02383058479758693,44.98168077877036
2020-09-30,6.34,6.34,6.34,6.34,100,-58.333333333333655,-0.34151661424990554,-0.3193976211599391,-0.022118993089966454,30.69843727283683
2020-10-01,6.34,6.34,6.34,6.34,0,-51.85185185185219,-0.3406161202280815,-0.32364132097356757,-0.01697479925451395,30.69843727283683
2020-10-02,6.93,6.93,6.93,6.93,3700,89.50006111722215,-0.2889634127155061,-0.3167057393219553,0.027742326606449208,49.35077694357653
2020-10-05,6.4,6.4,6.4,6.4,100,-31.628303495311272,-0.2874809391633111,-0.31086077929022643,0.023379840126915352,39.155638281734255
2020-10-06,6.4,6.4,6.4,6.4,0,-25.040650406504238,-0.28304332097668183,-0.3052972876275175,0.022253966650835677,39.155638281734255
2020-10-07,6.4,6.4,6.4,6.4,600,-14.869281045751627,-0.2763409896797313,-0.2995060280379603,0.023165038358228973,39.155638281734255
2020-10-08,6.4,6.4,6.4,6.4,0,-17.32673267326739,-0.2679406903481638,-0.293192960500001,0.025252270151837175,39.15563828173426
2020-10-09,5.81,7.0,5.81,7.0,300,72.52711672332778,-0.21044255622402197,-0.27664287964480516,0.06620032342078319,53.715285346335875
2020-10-12,7.66,7.66,7.59,7.66,2300,284.07142225757923,-0.11034638212420678,-0.24338358014068548,0.1330371980164787,63.93784314144799
2020-10-13,7.66,7.66,7.66,7.66,0,192.70873412851097,-0.030665945070230016,-0.2008400531265944,0.17017410805636438,63.93784314144799
2020-10-14,8.25,8.25,8.12,8.12,1300,194.38915742583657,0.06880637393297384,-0.14691076771468076,0.2157171416476546,69.40066709861993
2020-10-15,8.12,8.12,8.12,8.12,1100,141.69126037854653,0.14595640877670402,-0.08833733241640379,0.2342937411931078,69.40066709861992
2020-10-16,8.12,8.12,8.12,8.12,100,111.64158450095144,0.2047382718733397,-0.029722211558455086,0.2344604834317948,69.40066709861993
2020-10-19,8.12,8.12,8.12,8.12,0,91.44965277777773,0.24845923843767448,0.025914078440770837,0.22254515999690364,69.40066709861993
2020-10-20,8.12,8.12,8.12,8.12,0,78.13163481953286,0.27988211265830465,0.0767076852842776,0.20317442737402705,69.40066709861992
2020-10-21,8.12,8.12,8.12,8.12,1300,68.64285268998185,0.3013116339119808,0.12162847500981824,0.17968315890216255,69.40066709861992
2020-10-22,8.12,8.12,8.12,8.12,0,61.04466644779006,0.31466739405190314,0.16023625881823522,0.15443113523366792,69.40066709861992
2020-10-23,8.12,8.12,8.12,8.12,0,55.97537379067717,0.32154535548287466,0.1924980781511631,0.12904727733171156,69.40066709861992
2020-10-26,8.12,8.12,8.12,8.12,0,51.26185266229023,0.323269737168304,0.2186524099545913,0.1046173272137127,69.40066709861992
2020-10-27,8.12,8.12,8.12,8.12,0,45.99216433714519,0.32093676285155137,0.2391092805339833,0.08182748231756806,69.40066709861992
2020-10-28,8.12,8.12,8.12,8.12,0,41.477667443095775,0.31545153496404943,0.25437773141999653,0.061073803544052896,69.40066709861992
2020-10-29,8.12,8.12,8.12,8.12,0,36.820572764464885,0.3075591024600062,0.2650140056279985,0.04254509683200769,69.40066709861992
2020-10-30,8.12,8.12,8.12,8.12,0,32.28186681424005,0.29787062568378975,0.2715853296391567,0.026285296044633033,69.40066709861992
2020-11-02,8.12,8.12,8.12,8.12,0,-35.897435897445405,0.2868854017060274,0.2746453440525308,0.012240057653496561,69.40066709861992
2020-11-03,8.12,8.12,8.12,8.12,0,-66.66666666666667,0.27500939543620095,0.27471815432926483,0.00029124110693612426,69.40066709861993
2020-11-04,8.12,8.12,8.12,8.12,0,-66.66666666666667,0.26257082191498426,0.2722886878464087,-0.00971786593142443,69.40066709861993
2020-11-05,8.12,8.12,8.12,8.12,0,-66.66666666666667,0.2498332407013253,0.26779759841739204,-0.017964357716066748,69.40066709861993
2020-11-06,8.12,8.12,8.12,8.12,0,-66.66666666666667,0.23700655182223151,0.26163938909835993,-0.024632837276128416,69.40066709861993
2020-11-09,8.12,8.12,8.12,8.12,0,-66.66666666666667,0.22425622233778864,0.2541627557462457,-0.02990653340845706,69.40066709861993
2020-11-10,8.12,8.12,8.12,8.12,0,-66.66666666666667,0.21171102149000198,0.24567240889499695,-0.033961387404994964,69.40066709861993
2020-11-11,8.12,8.12,8.12,8.12,0,-66.66666666666667,0.1994694992133601,0.23643182695866957,-0.03696232774530947,69.40066709861993
2020-11-12,8.12,8.12,8.12,8.12,0,-66.66666666666667,0.18760540627054123,0.2266665428210439,-0.03906113655050267,69.40066709861993
2020-11-13,8.12,8.12,8.12,8.12,0,-66.66666666666667,0.17617222340912253,0.21656767893865964,-0.040395455529537105,69.40066709861993
2020-11-16,8.12,8.12,8.12,8.12,0,-66.66666666666667,0.16520694084351994,0.2062955313196317,-0.04108859047611174,69.40066709861993
2020-11-17,8.12,8.12,8.12,8.12,0,-66.66666666666667,0.1547332073138481,0.19598306651847497,-0.04124985920462687,69.40066709861993
2020-11-18,8.12,8.12,8.12,8.12,0,-66.66666666666667,0.1447639493368822,0.18573924308215642,-0.04097529374527423,69.40066709861993
2020-11-19,8.12,8.12,8.12,8.12,0,-66.66666666666667,0.13530354551633206,0.17565210356899155,-0.040348558052659494,69.40066709861993
2020-11-20,7.33,7.33,7.33,7.33,2000,-466.66666666667766,0.06332968445446152,0.15318761974608555,-0.08985793529162403,23.734257498463815
2020-11-23,7.33,7.33,7.33,7.33,0,-233.33333333333502,0.006218201463486395,0.12379373608956572,-0.11757553462607932,23.734257498463815
2020-11-24,7.33,7.33,7.33,7.33,0,-155.55555555555574,-0.03859812511307226,0.09131536384903813,-0.12991348896211038,23.73425749846382
2020-11-25,7.33,7.33,7.33,7.33,0,-116.6666666666667,-0.0732707670164956,0.05839813767593138,-0.13166890469242698,23.734257498463815
2020-11-26,7.33,7.33,7.33,7.33,0,-93.3333333333331,-0.0996009478010409,0.026798320580536925,-0.12639926838157783,23.734257498463812
2020-11-27,7.82,7.82,7.82,7.82,0,0.6852667645623428,-0.08000663419575726,0.005437329625278084,-0.08544396382103535,52.06993685363882
2020-11-30,7.82,7.82,7.82,7.82,0,5.017921146953487,-0.06374320747713647,-0.008398777795204827,-0.05534442968193164,52.06993685363882
2020-12-01,7.05,7.05,7.05,7.05,100,-119.47483588621434,-0.1116992895924378,-0.029058880154651426,-0.08264040943778637,31.04716179520764
2020-12-02,7.05,7.05,7.05,7.05,0,-100.66788099574984,-0.14799879222303058,-0.052846862568327255,-0.09515192965470333,31.04716179520764
2020-12-03,7.05,7.05,7.05,7.05,0,-88.29489867225719,-0.1747519775635462,-0.07722788556737105,-0.09752409199617516,31.047161795207636
2020-12-04,7.05,7.05,7.05,7.05,0,-80.27972027972035,-0.19372097488088968,-0.10052650343007477,-0.09319447145081491,31.04716179520763
2020-12-07,7.05,7.05,7.05,7.05,100,-75.98290598290609,-0.20637507847845615,-0.12169621843975105,-0.0846788600387051,31.04716179520763
2020-12-08,7.05,7.05,7.05,7.05,0,-76.34978920168639,-0.2139374094625497,-0.14014445664431077,-0.07379295281823892,31.047161795207636
2020-12-09,7.05,7.05,7.05,7.05,0,-66.66666666666623,-0.21742427949894694,-0.155600421215238,-0.06182385828370893,31.047161795207636
2020-12-10,7.05,7.05,7.05,7.05,0,-58.333333333333094,-0.21767838816565188,-0.16801601460532078,-0.0496623735603311,31.04716179520763
2020-12-11,7.05,7.05,7.05,7.05,0,-51.851851851851556,-0.21539681076018624,-0.17749217383629387,-0.03790463692389237,31.047161795207636
2020-12-14,7.75,7.75,7.75,7.75,100,129.62962962962948,-0.155314129764335,-0.1730565650219021,0.01774243525756708,59.79682687428922
2020-12-15,8.38,8.38,8.38,8.38,100,198.9225589225595,-0.056214432348618004,-0.14968813848724527,0.09347370613862727,71.36766090500566
2020-12-16,8.38,8.38,8.38,8.38,0,145.18518518518533,0.022068401038039198,-0.11533683058218838,0.13740523162022758,71.36766090500566
2020-12-17,8.38,8.38,8.38,8.38,0,124.97625830959197,0.08314961350863292,-0.07563954176402413,0.15878915527265705,71.36766090500566
2020-12-18,8.38,8.38,8.38,8.38,558,108.52713178294616,0.13005769036156423,-0.03450009533890645,0.1645577857004707,71.36766090500566
2020-12-21,8.38,8.38,8.38,8.38,1700,89.44444444444468,0.16532689370375664,0.0054653024696261696,0.15986159123413046,71.36766090500566
2020-12-22,8.38,8.38,8.38,8.38,0,76.3440860215057,0.19107539326013256,0.04258732062772745,0.1484880726324051,71.36766090500566
2020-12-23,7.61,7.61,7.61,7.61,600,-11.494252873562967,0.1476467203397993,0.06359920057014182,0.08404751976965749,46.08126246844207
2020-12-24,7.61,7.61,7.61,7.61,50,-17.283950617283683,0.11193882309065106,0.07326712507424367,0.038671698016407394,46.08126246844207
2020-12-25,7.61,7.61,7.61,7.61,23,-23.728813559321758,0.08268689421350484,0.07515107890209591,0.007535815311408928,46.081262468442056
2020-12-28,7.61,7.61,7.61,7.61,0,-31.11111111111082,0.05882641552954748,0.07188614622758623,-0.013059730698038743,46.081262468442056
2020-12-29,7.61,7.61,7.61,7.61,0,-39.65141612200406,0.03946192179676533,0.06540130134142205,-0.02593937954465672,46.081262468442056
2020-12-30,7.61,7.61,7.61,7.61,8,-49.645390070921664,0.023840601387357552,0.05708916135060915,-0.0332485599632516,46.081262468442056
2020-12-31,8.03,8.03,8.03,8.03,153,9.523809523809655,0.04483426087984643,0.05463818125645661,-0.009803920376610174,58.57107331968614
2021-01-04,8.31,8.31,8.31,8.31,100,55.01355013550149,0.08310753528701209,0.060332052062567705,0.022775483224444386,64.47852947730112
2021-01-05,8.03,8.24,8.03,8.24,1100,32.489451476793406,0.10656257893607801,0.06957815743726976,0.03698442149880825,62.09469542905522
2021-01-06,8.24,8.24,7.75,8.24,7000,19.44444444444434,0.12372464927154514,0.08040745580412484,0.0433171934674203,62.094695429055214
2021-01-07,8.24,8.24,8.24,8.24,0,57.08460754332314,0.13576074826062623,0.09147811429542511,0.044282633965201115,62.094695429055214
2021-01-08,7.75,7.75,7.75,7.75,1000,-39.851024208566194,0.10455529022345988,0.09409354948103207,0.01046174074242781,46.92657304507045
2021-01-11,7.75,7.75,7.75,7.75,300,-32.63403263403274,0.07891505626017015,0.09105785083685969,-0.012142794576689542,46.92657304507045
2021-01-12,7.75,7.75,7.75,7.75,100,-25.212368331634305,0.05792723698682156,0.08443172806685206,-0.0265044910800305,46.926573045070434
2021-01-13,8.24,8.24,8.24,8.24,100,94.2138364779874,0.07991196847366488,0.08352777614821463,-0.003615807674549748,59.33358632650159
2021-01-14,8.24,8.24,8.24,8.24,0,80.43010752688171,0.0962257954964203,0.08606738001785577,0.010158415478564525,59.333586326501596
2021-01-15,8.17,9.02,7.47,8.88,2100,117.83603186841444,0.15896482469662665,0.10064686895360994,0.05831795574301671,69.96825465088797
2021-01-18,8.46,8.46,8.03,8.38,3000,68.36969529595873,0.166421729913921,0.11380184114567216,0.05261988876824886,57.35007326110689
2021-01-19,8.38,8.38,8.38,8.38,0,84.5430913817236,0.170367490640702,0.1251149710446781,0.04525251959602389,57.35007326110689
2021-01-20,7.75,7.75,7.75,7.75,400,-109.07559486207627,0.12126097849626127,0.12434417253499475,-0.003083194038733472,45.388649025110475
2021-01-21,7.75,7.75,7.75,7.75,0,-93.0135160860463,0.0814053239272976,0.11575640281345531,-0.03435107888615771,45.388649025110475
2021-01-22,7.75,7.75,7.75,7.75,200,-77.77777777777773,0.04925168773876809,0.10245545979851786,-0.05320377205974977,45.388649025110475
2021-01-25,7.4,7.4,7.4,7.4,800,-136.26070146368383,-0.0044214082806064425,0.081080086182693,-0.08550149446329944,39.65041566168239
2021-01-26,7.4,7.4,7.4,7.4,0,-113.70354426747006,-0.046422592816805164,0.05557955038279336,-0.10200214319959852,39.65041566168238
2021-01-27,7.05,8.1,6.69,8.1,3100,-58.1833091058184,-0.0229600155409857,0.039871637198037546,-0.06283165273902325,53.33475566988982
2021-01-28,7.33,7.33,7.33,7.33,100,-109.63473658553563,-0.06574050325319547,0.018749209107790942,-0.08448971236098642,42.04178728755793
2021-01-29,7.33,7.33,7.33,7.33,0,-97.10215949557322,-0.09850879985674243,-0.004702392685115735,-0.0938064071716267,42.04178728755792
2021-02-01,7.33,7.33,7.33,7.33,0,-86.02726237730393,-0.12305935930559908,-0.028373786009212403,-0.09468557329638667,42.041787287557916
2021-02-02,6.69,6.69,6.69,6.69,133,-170.29862792574667,-0.19194587329765866,-0.061088203466901664,-0.130857669830757,34.46593975371704
2021-02-03,6.83,6.83,6.83,6.83,100,-125.18041739808868,-0.23256128029089496,-0.09538281883170033,-0.13717846145919463,37.13460705770683
2021-02-04,6.83,7.47,6.83,7.47,300,-46.977777777777874,-0.21067806605151063,-0.11844186827566239,-0.09223619777584824,47.63297686885619
2021-02-05,7.47,7.47,7.47,7.47,0,4.649163931864036,-0.1911322079887281,-0.13297993621827553,-0.05815227177045257,47.63297686885618
2021-02-08,7.47,7.47,7.47,7.47,0,25.79781758286956,-0.17364035670889866,-0.14111202031640016,-0.0325283363924985,47.63297686885618
2021-02-09,6.9,6.9,6.9,6.9,100,-122.18955209252167,-0.20342719280921617,-0.15357505481496336,-0.04985213799425281,40.170740493178336
2021-02-17,6.98,6.98,6.98,6.98,100,-79.88343673622877,-0.21806443257089825,-0.16647293036615035,-0.0515915022047479,41.554660469930646
2021-02-18,7.05,7.33,7.05,7.33,2801,1.3075965130760148,-0.19912706278223435,-0.17300375684936714,-0.026123305932867213,47.29827066377374
2021-02-19,7.05,7.33,7.05,7.33,2133,5.020338257332544,-0.1820208378733703,-0.17480717305416776,-0.007213664819202548,47.29827066377374
2021-02-22,7.12,7.12,7.12,7.12,700,-25.389183116674623,-0.18329635012000445,-0.1765050084673351,-0.0067913416526693415,44.27084492105073
2021-02-23,7.12,7.12,7.12,7.12,100,-15.357395612173072,-0.18220683578195462,-0.177645373930259,-0.00456146185169562,44.27084492105074
2021-02-24,7.05,7.33,7.05,7.33,1010,28.2518842693896,-0.16252465975320352,-0.1746212310948479,0.01209657134164438,48.12191598030234
2021-02-25,7.33,7.33,7.33,7.33,200,61.609530756139094,-0.14525201859388925,-0.16874738859465616,0.023495370000766902,48.12191598030234
2021-02-26,7.33,7.33,7.33,7.33,2033,61.609530756139094,-0.13006402886971014,-0.16101071664966696,0.030946687779956822,48.12191598030234
2021-03-01,7.33,7.47,7.33,7.47,600,90.50505050505011,-0.10551430439783527,-0.1499114341993006,0.044397129801465346,50.94451654913886
2021-03-02,7.47,7.47,7.47,7.47,99,104.16666666666644,-0.08507774756775888,-0.13694469687299227,0.05186694930523339,50.94451654913886
2021-03-03,7.47,7.47,7.47,7.47,100,87.08333333333333,-0.06809665321293767,-0.12317508814098135,0.05507843492804368,50.94451654913886
2021-03-04,7.47,7.47,7.47,7.47,0,87.08333333333333,-0.054016346772972845,-0.10934333986737965,0.05532699309440681,50.944516549138854
2021-03-05,7.75,8.17,7.75,8.17,126800,249.17491749174926,0.013471259090509058,-0.08478042007580192,0.09825167916631097,64.0858586673042
2021-03-08,8.95,8.95,7.96,7.96,2631,242.65878600243948,0.049440508595054666,-0.0579362343416306,0.10737674293668527,58.981145949473046
2021-03-09,7.96,7.96,7.96,7.96,0,121.7259978425031,0.07705811993228995,-0.030937363486846493,0.10799548341913644,58.981145949473046
2021-03-10,7.75,7.75,7.75,7.75,1000,55.43152956402178,0.0810655576474204,-0.008536779259993112,0.08960233690741351,53.99324422380241
2021-03-11,7.75,7.75,7.75,7.75,100,45.55673884747364,0.0832814640322379,0.009826869398453092,0.07345459463378481,53.99324422380241
2021-03-12,7.89,7.89,7.89,7.89,631,65.0625147440434,0.0952365876780954,0.026908813054381555,0.06832777462371384,56.81680756791968
2021-03-15,7.96,7.96,7.75,7.96,1900,55.1784160139254,0.1091018658886318,0.043347423621231604,0.0657544422674002,58.19822624587636
2021-03-16,7.89,7.89,7.89,7.89,100,47.44591076398239,0.11313760390670335,0.057305459678325954,0.0558321442283774,56.260040902366185
2021-03-17,7.89,7.89,7.89,7.89,0,41.06330884924821,0.11501018948887687,0.06884640564043613,0.046163783848440734,56.260040902366185
2021-03-18,8.17,8.17,8.17,8.17,100,109.8680793601333,0.13750283985110556,0.08257769248257002,0.05492514736853554,62.11334605384855
2021-03-19,8.17,8.17,8.17,8.17,2300,101.57280568239496,0.15355830278617155,0.09677381454329033,0.05678448824288122,62.11334605384855
2021-03-22,8.17,8.17,8.17,8.17,0,91.4483260553131,0.16438741701978632,0.11029653503858952,0.0540908819811968,62.11334605384855
2021-03-23,8.17,8.17,8.17,8.17,1000,79.05431809300532,0.17099840490059748,0.12243690901099111,0.04856149588960637,62.11334605384855
2021-03-24,8.88,8.88,8.17,8.17,6166,147.05491291051754,0.17422925403911727,0.13279537801661634,0.041433876022500926,62.11334605384856
2021-03-25,8.1,8.1,8.1,8.1,200,24.51379466304829,0.16919098195061721,0.14007449880341652,0.029116483147200695,59.24243889603792
2021-03-26,8.1,8.17,8.1,8.1,6200,40.65987384764705,0.16331551542030454,0.1447227021267941,0.018592813293510424,59.24243889603793
2021-03-29,8.46,8.46,8.46,8.46,5000,144.32194046306495,0.18556903292025506,0.1528919682854863,0.03267706463476877,68.05036959266212
2021-03-30,8.46,8.46,8.46,8.46,99,130.66666666666657,0.20088937816471653,0.16249145026133233,0.0383979279033842,68.05036959266211
2021-03-31,8.46,8.46,8.46,8.46,0,118.26612903225751,0.21060316001533685,0.17211379221213324,0.03848936780320361,68.05036959266212
2021-04-01,8.46,8.46,8.46,8.46,0,97.34921244717528,0.21581363684969368,0.18085376113964532,0.034959875710048355,68.05036959266212
2021-04-02,7.61,8.1,7.61,8.1,200,-102.31048805815178,0.18871855588687048,0.18242672008909036,0.006291835797780115,52.72472479938204
2021-04-05,7.89,8.6,7.89,8.6,1210,49.400673400671536,0.20522561717369747,0.1869864995060118,0.018239117667685684,64.63689407281328
2021-04-06,7.75,9.16,7.75,9.16,1150,149.59349593495892,0.2604921111485776,0.20168762183452496,0.05880448931405266,72.87939303976583
2021-04-07,8.24,8.38,8.24,8.38,2300,10.313598269801956,0.23860127752606353,0.20907035297283266,0.029530924553230864,53.99982315161903
2021-04-08,8.46,9.09,8.46,9.09,1140,185.17982138546927,0.27536941326311215,0.22233016503088857,0.053039248232223585,63.31556787133841
2021-04-09,8.24,8.38,8.24,8.38,502,-13.839891451832253,0.24440006760680433,0.22674414554607172,0.017655922060732604,51.97923382459684
2021-04-12,8.38,9.16,8.38,9.16,2400,164.45536445536334,0.279573371521586,0.2373099907411746,0.04226338078041142,60.37327741621351
2021-04-13,9.16,9.16,8.6,8.6,2400,104.73778621926732,0.25927241736340534,0.24170247606562073,0.017569941297784608,53.18522487707696
2021-04-14,8.1,8.1,8.1,8.1,400,-108.28321198691617,0.20052640009003397,0.23346726087050337,-0.0329408607804694,47.721969410510404
2021-04-15,8.1,8.1,8.1,8.1,0,-106.81937035874945,0.15221511704007007,0.21721683210441672,-0.06500171506434665,47.7219694105104
2021-04-16,8.1,8.17,8.1,8.1,955,-83.66533864541842,0.11262975149334409,0.19629941598220219,-0.0836696644888581,47.72196941051038
2021-04-19,8.1,8.17,8.1,8.17,200,-67.00726001613334,0.08591609185994642,0.17422275115775104,-0.08830665929780462,48.64439312696714
2021-04-20,8.24,8.24,8.17,8.17,1200,-48.69565217391302,0.06400748568722747,0.15217969806364634,-0.08817221237641887,48.64439312696714
2021-04-22,8.17,8.17,8.17,8.17,200,-49.18405740035876,0.0461131932648744,0.13096639710389196,-0.08485320383901757,48.64439312696714
2021-04-23,8.17,8.17,8.17,8.17,0,-55.57980900409255,0.03156794201357371,0.11108670608582831,-0.0795187640722546,48.64439312696714
2021-04-26,8.17,8.17,8.17,8.17,0,-50.29533633077679,0.01981234126667175,0.092831833121997,-0.07301949185532525,48.644393126967145
2021-04-27,8.95,8.95,8.95,8.95,100,133.3093582674022,0.0725985533166309,0.08878517716092378,-0.016186623844292883,60.028147118854235
2021-04-28,8.95,8.95,8.95,8.95,0,104.66666666666676,0.11312793821826084,0.09365372937239119,0.019474208845869645,60.028147118854235
2021-04-29,8.53,8.6,8.53,8.6,600,37.464276435437846,0.11567229461448747,0.09805744242081045,0.01761485219367702,53.819716266153335
2021-05-04,8.6,8.6,8.6,8.6,0,37.00286123032913,0.11634753344783277,0.10171546062621492,0.014632072821617853,53.819716266153335
2021-05-05,8.46,8.46,8.46,8.46,500,15.980961600516816,0.10438257773666137,0.1022488840483042,0.002133693688357169,51.35569268580945
2021-05-06,7.75,8.46,7.75,8.46,700,-33.932564171361555,0.0938187796411647,0.1005628631668763,-0.006744083525711611,51.35569268580944
2021-05-07,8.1,8.1,8.1,8.1,1000,-66.36257937572655,0.05575519105191695,0.09160132874388444,-0.03584613769196748,45.186154325790916
2021-05-10,8.1,8.46,8.1,8.46,2200,-8.157128089464672,0.054015853085390475,0.08408423361218564,-0.03006838052679517,51.46530706331802
2021-05-11,8.1,8.1,8.1,8.1,200,-73.64286716229485,0.023319609914061346,0.07193130887256079,-0.04861169895849944,45.81348144478271
2021-05-12,8.1,8.31,8.1,8.1,1300,-55.126397894934634,-0.0009959037946902782,0.057345866339110575,-0.058341770133800853,45.81348144478272
2021-05-13,8.1,8.1,8.1,8.1,1900,-71.21924246613234,-0.020035170617276776,0.04186965894783311,-0.061904829565109884,45.81348144478271
2021-05-14,8.1,8.1,8.1,8.1,600,-68.86496797928875,-0.0347236540752327,0.026550996343219946,-0.06127465041845265,45.81348144478272
2021-05-17,8.1,8.1,8.1,8.1,500,-66.57710908113904,-0.04583601400297077,0.012073594273981803,-0.05790960827695257,45.81348144478271
2021-05-18,8.1,8.1,8.1,8.1,1500,-64.35289442310211,-0.05401993116569592,-0.0011451108139537425,-0.05287482035174218,45.81348144478271
2021-05-19,8.1,8.24,8.1,8.1,4100,-45.52110249784644,-0.05981622032548728,-0.01287933271626045,-0.04693688760922683,45.81348144478272
2021-05-20,8.1,8.1,8.1,8.1,8900,-57.256491070088515,-0.06367580618771207,-0.023038627410550776,-0.04063717877716129,45.81348144478271
2021-05-21,8.1,8.1,8.1,8.1,0,-53.14447592067957,-0.06597404803204476,-0.031625711534849575,-0.03434833649719519,45.81348144478271
2021-05-24,8.1,8.1,8.1,8.1,800,-50.602409638553276,-0.06702282385843539,-0.03870513399956674,-0.02831768985886865,45.81348144478272
2021-05-25,8.1,8.1,8.1,8.1,1000,-46.66666666666595,-0.06708072145622346,-0.04438025149089808,-0.022700469965325376,45.81348144478272
2021-05-26,8.1,8.1,8.1,8.1,400,-42.42424242424054,-0.06636163015584451,-0.04877652722388737,-0.01758510293195714,45.81348144478271
2021-05-27,8.1,8.1,8.1,8.1,0,-42.42424242424054,-0.06504198164237707,-0.05202961810758531,-0.013012363534791759,45.8134814447827
2021-05-28,8.1,8.1,8.1,8.1,2000,-38.888888888882676,-0.06326684982535902,-0.05427706445114005,-0.008989785374218968,45.8134814447827
2021-05-31,8.81,8.88,8.81,8.88,2102,461.6010854816844,0.0010671349295741095,-0.04320822457499722,0.04427535950457133,67.5822758261488
2021-06-01,8.88,8.88,8.88,8.88,0,237.48788759690052,0.05145909295774587,-0.0242747610684486,0.07573385402619447,67.5822758261488
2021-06-02,8.03,8.03,8.03,8.03,900,-62.94025724245689,0.022547275538702394,-0.014910353747018401,0.037457629285720793,44.823719482799085
2021-06-03,8.03,8.03,8.03,8.03,3300,-60.71343354807919,-0.0003613822743790962,-0.01200055945249054,0.011639177178111445,44.823719482799085
2021-06-04,8.03,8.03,8.03,8.03,0,-58.51983422143288,-0.018305642586344817,-0.013261576079261397,-0.00504406650708342,44.82371948279908
2021-06-07,8.03,8.03,8.03,8.03,0,-56.358721203573076,-0.03215592468163031,-0.01704044579973518,-0.015115478881895131,44.82371948279909
2021-06-08,8.03,8.03,8.03,8.03,0,-52.827121792639076,-0.04264083601347224,-0.022160523842482592,-0.020480312170989647,44.82371948279909
2021-06-09,8.03,8.03,8.03,8.03,0,-50.74919317657926,-0.05036957468071712,-0.0278023340101295,-0.022567240670587622,44.823719482799085
2021-06-10,8.03,8.03,8.03,8.03,0,-48.7012243963841,-0.05585084201624291,-0.033412035611352184,-0.022438806404890724,44.823719482799085
2021-06-11,8.03,8.03,8.03,8.03,0,-46.682572142694774,-0.059508805404290044,-0.03863138956993976,-0.020877415834350287,44.823719482799085
2021-06-14,8.03,8.03,8.03,8.03,0,-44.69261139311911,-0.06169656811111501,-0.043244425278174806,-0.018452142832940208,44.82371948279909
2021-06-15,8.03,8.03,8.03,8.03,3700,-42.730734767025055,-0.06270753241861371,-0.047137046706262585,-0.015570485712351124,44.82371948279909
2021-06-16,8.46,8.46,8.46,8.46,100,78.1051918517442,-0.02848298841544583,-0.043406235048099234,0.014923246632653403,59.352818845411015
2021-06-17,8.46,8.46,8.46,8.46,100,64.08234778799849,-0.0013442945278878682,-0.03499384694405696,0.03364955241616909,59.352818845411015
2021-06-18,8.46,8.46,8.46,8.46,0,84.61059190031133,0.019933534523934426,-0.02400837065045868,0.04394190517439311,59.35281884541103
2021-06-21,8.46,8.46,8.46,8.46,100,116.66666666666582,0.03637703552437799,-0.011931289415491347,0.048308324939869335,59.352818845411015
2021-06-22,8.46,8.46,8.46,8.46,700,93.33333333333279,0.04884556724239708,0.0002240819160863397,0.04862148532631074,59.35281884541103
2021-06-23,8.1,8.1,8.1,8.1,1000,-30.456140350877753,0.029339766540076084,0.006047218840884289,0.023292547699191795,44.98699041926529
2021-06-24,8.1,8.1,8.1,8.1,0,-32.77926720285995,0.013723087738656048,0.007582392620438641,0.006140695118217407,44.98699041926529
2021-06-25,7.75,7.75,7.75,7.75,1000,-138.02161263507872,-0.026588818305061324,0.0007481504353386483,-0.027336968740399974,35.34176345421119
2021-06-28,7.26,7.4,7.26,7.4,1500,-215.2110004741577,-0.08578944191988214,-0.016559368035705506,-0.06923007388417662,28.71230251860189
2021-06-29,7.4,7.75,7.4,7.75,1000,-118.75571820677072,-0.10327381151075521,-0.033902256730715445,-0.06937155478003976,40.69296643339535
2021-06-30,7.75,7.75,7.75,7.75,0,-77.76833758142169,-0.11579548214165936,-0.050280901812904226,-0.06551458032875512,40.692966433395355
2021-07-01,7.75,7.75,7.75,7.75,0,-68.14697330161259,-0.1242863012155393,-0.06508198169343124,-0.059204319522108056,40.692966433395355
2021-07-02,7.75,8.1,7.75,8.1,800,-15.42483660130722,-0.10160205631655028,-0.07238599661805505,-0.029216059698495236,50.98202645897748
2021-07-05,7.96,7.96,7.96,7.96,1500,-19.135802469136067,-0.0938397327482079,-0.07667674384408561,-0.01716298890412228,47.43690955352919
2021-07-06,7.96,7.96,7.96,7.96,0,-12.56671518680264,-0.08668874154511119,-0.07867914338429073,-0.00800959816082046,47.43690955352919
2021-07-07,7.96,7.96,7.96,7.96,0,-4.704564547745904,-0.0800982072230827,-0.07896295615204912,-0.0011352510710335717,47.43690955352919
2021-07-08,7.47,7.47,7.47,7.47,400,-117.59692053890565,-0.11311020218761136,-0.08579240535916158,-0.027317796828449786,36.37874058609524
2021-07-09,7.47,7.47,7.47,7.47,200,-101.9920318725097,-0.1376852956534087,-0.096170983418011,-0.0415143122353977,36.37874058609525
2021-07-12,7.47,7.47,7.47,7.47,0,-93.43891402714912,-0.15537022306218606,-0.10801083134684601,-0.04735939171534005,36.37874058609524
2021-07-13,7.47,7.47,7.47,7.47,300,-80.27522935779783,-0.16745533458687234,-0.11989973199485128,-0.04755560259202106,36.37874058609524
2021-07-14,7.47,7.47,7.47,7.47,0,-68.9075630252098,-0.1750154039057934,-0.1309228663770397,-0.044092537528753695,36.37874058609525
2021-07-15,7.47,7.47,7.47,7.47,0,-60.23255813953477,-0.17894405760117849,-0.14052710462186746,-0.038416952979311025,36.378740586095255
2021-07-16,7.47,7.47,7.47,7.47,0,-65.22088353413652,-0.1799828141135036,-0.1484182465201947,-0.03156456759330889,36.37874058609525
2021-07-19,7.47,7.47,7.47,7.47,0,-58.333333333333044,-0.17874556848511514,-0.15448371091317878,-0.024261857571936357,36.378740586095255
2021-07-20,7.47,7.47,7.47,7.47,0,-51.85185185185171,-0.17573922996161784,-0.1587348147228666,-0.017004415238751236,36.378740586095255
2021-07-21,7.47,7.47,7.47,7.47,0,-46.66666666666664,-0.17138111026415892,-0.16126407383112507,-0.010117036433033855,36.378740586095255
2021-07-22,7.47,7.47,7.47,7.47,100,-42.42424242424253,-0.16601356793407973,-0.162213972651716,-0.0037995952823637325,36.378740586095255
2021-07-23,7.47,7.47,7.47,7.47,0,-38.88888888888869,-0.15991633598961208,-0.16175444531929523,0.0018381093296831463,36.378740586095255
2021-07-26,7.47,7.47,7.47,7.47,0,-35.89743589743596,-0.15331689402754112,-0.1600669350609444,0.006750041033403292,36.378740586095255
2021-07-27,7.47,7.47,7.47,7.47,0,0.0,-0.14639918999426538,-0.1573333860476086,0.010934196053343226,36.378740586095255
2021-07-28,7.47,7.47,7.47,7.47,0,0.0,-0.13931096956939903,-0.15372890275196668,0.01441793318256765,36.378740586095255
2021-07-29,7.47,7.47,7.47,7.47,0,0.0,-0.13216993112177544,-0.14941710842592842,0.017247177304152983,36.37874058609526
2021-07-30,7.47,7.47,7.47,7.47,0,0.0,-0.12506889038791957,-0.14454746481832664,0.01947857443040707,36.378740586095255
2021-08-02,7.47,7.47,7.47,7.47,0,0.0,-0.1180801104353213,-0.13925399394172558,0.021173883506404284,36.378740586095255
2021-08-03,7.47,7.47,7.47,7.47,0,0.0,-0.1112589283022567,-0.13365498081383181,0.022396052511575115,36.37874058609526
2021-08-04,6.83,7.12,6.83,7.12,800,-466.66666666666316,-0.13256701719171016,-0.13343738808940747,0.0008703708976973146,21.645154348342185
2021-08-05,7.12,7.12,7.12,7.12,0,-200.30218503021862,-0.14775065359009432,-0.13630004118954483,-0.011450612400549481,21.645154348342185
2021-08-06,7.12,7.12,7.12,7.12,0,-138.86539816772336,-0.15796289688124876,-0.14063261232788563,-0.017330284553363134,21.645154348342185
2021-08-09,7.12,7.12,7.12,7.12,600,-106.1172976985896,-0.16416379522182556,-0.14533884890667362,-0.01882494631515194,21.645154348342185
2021-08-10,7.12,7.12,7.12,7.12,600,-85.7333868164192,-0.16715123642630214,-0.14970132641059933,-0.017449910015702813,21.645154348342192
2021-08-11,7.26,7.26,7.19,7.19,3100,-41.323296354991726,-0.16200292128535043,-0.15216164538554955,-0.009841275899800883,29.873226302336402
2021-08-12,7.19,7.19,7.19,7.19,200,-42.9836829836825,-0.1561231539095571,-0.15295394709035107,-0.003169206819206044,29.873226302336402
2021-08-13,7.33,7.33,7.19,7.19,1700,-19.320594479829573,-0.1497373173170189,-0.15231062113568464,0.0025733038186657453,29.873226302336402
2021-08-16,7.19,7.19,7.19,7.19,1,-32.97276563099317,-0.14302776081497814,-0.15045404907154333,0.007426288256565189,29.87322630233641
2021-08-17,7.26,7.26,7.26,7.26,100,6.17610728780705,-0.13055699420152767,-0.1464746380975402,0.015917643896012523,38.55235622080144
2021-08-18,7.26,7.26,7.26,7.26,0,16.346352552180527,-0.11929862156476112,-0.14103943479098438,0.02174081322622326,38.55235622080144
2021-08-19,7.33,7.96,7.33,7.96,6301,245.5087807747244,-0.053277974951171814,-0.12348714282302187,0.07020916787185005,74.76858770897516
2021-08-20,8.1,8.1,7.82,7.82,1400,229.33730454206932,-0.012113331878403244,-0.10121238063409814,0.0890990487556949,66.34631140670251
2021-08-23,7.82,7.82,7.82,7.82,0,153.21995812266974,0.020276212772665225,-0.07691466195274546,0.09719087472541069,66.34631140670251
2021-08-24,7.82,7.82,7.82,7.82,0,115.18451300665491,0.045421568692759706,-0.05244741582364443,0.09786898451640413,66.34631140670251
2021-08-25,7.82,7.82,7.82,7.82,0,92.2657952069717,0.06460472140858542,-0.029036988377198456,0.09364170978578387,66.34631140670251
2021-08-26,7.12,7.12,7.12,7.12,200,-67.86492374727675,0.023057565030287996,-0.018618077695701167,0.041675642725989163,37.749026526218564
2021-08-27,7.12,7.12,7.12,7.12,0,-67.86492374727675,-0.009756390138239368,-0.016845740184208806,0.007089350045969438,37.749026526218564
2021-08-30,7.68,7.68,7.68,7.68,700,50.51157781367763,0.009318219232723912,-0.011612948300822261,0.020931167533546173,55.532309726713166
2021-08-31,7.68,7.68,7.68,7.68,0,43.18181818181789,0.024156523221567916,-0.004459053996344225,0.028615577217912143,55.53230972671318
2021-09-01,7.05,7.47,7.05,7.47,1510,-40.000000000000206,0.018754550298621275,0.0001836668626488758,0.0185708834359724,49.39535973228995
2021-09-06,7.4,7.4,7.26,7.26,2000,-47.504990019959855,-0.002443628490566674,-0.0003417922079942342,-0.0021018362825724396,44.141930857017854
2021-09-07,7.33,7.33,7.33,7.33,3300,-45.962732919254584,-0.01343999502351334,-0.002961432771098056,-0.010478562252415283,46.196089469375025
2021-09-08,7.47,7.47,7.47,7.47,100,-15.789473684210426,-0.01073412840375898,-0.004515971897630241,-0.0062181565061287395,50.14495080382236
2021-09-09,7.47,7.47,7.47,7.47,1700,-20.97902097902103,-0.008491821184251513,-0.005311141754954495,-0.0031806794292970186,50.14495080382236
2021-09-10,7.47,7.47,7.47,7.47,600,-16.210526315789394,-0.00663825488766534,-0.005576564381496664,-0.001061690506168676,50.144950803822375
2021-09-13,7.4,7.4,7.4,7.4,4000,-29.907295445384765,-0.010694426536919543,-0.00660013681258124,-0.004094289724338304,47.94736016002253
2021-09-14,7.47,7.47,7.47,7.47,1700,2.651515151515216,-0.008166419406996361,-0.006913393331464264,-0.001253026075532097,50.29331202917099
2021-09-15,7.47,7.47,7.47,7.47,2200,14.440825190010715,-0.006092722431620956,-0.006749259151495603,0.000656536719874647,50.293312029171
2021-09-16,7.47,7.47,7.47,7.47,600,30.279898218829576,-0.004398598334883985,-0.00627912698817328,0.0018805286532892944,50.29331202917099
2021-09-17,7.54,7.75,7.54,7.75,2910,135.6125356125359,0.019315015682045633,-0.0011602984541294967,0.020475314136175128,59.428396233747996
2021-09-20,8.1,8.53,8.1,8.1,2800,288.2580466915321,0.06559417178440263,0.012190595593576931,0.053403576190825704,67.47495713229968
2021-09-21,7.82,8.1,7.82,8.1,1700,151.83143874153177,0.10110525794112846,0.029973528063087236,0.07113172987804123,67.47495713229968
2021-09-22,8.03,8.03,7.75,7.89,6100,96.8717629997933,0.11102300056601422,0.04618342256367264,0.06483957800234158,59.29208993509069
2021-09-23,7.89,8.03,7.89,8.03,6200,99.51744617668872,0.12869618352777934,0.06268597475649398,0.06601020877128536,62.552547750483
2021-09-24,8.03,8.03,7.82,7.82,2200,61.90999908349392,0.12432393446901724,0.07501356669899864,0.0493103677700186,55.386500791204064
2021-09-27,7.89,8.46,7.75,7.75,2700,74.23667570009046,0.11389754065410074,0.08279036149001906,0.031107179164081677,53.19874199882983
2021-09-28,7.75,7.75,7.75,7.75,0,6.42570281124481,0.10443073591985996,0.08711843637598723,0.017312299543872728,53.19874199882983
2021-09-29,7.75,7.75,7.75,7.75,0,0.8755472170105747,0.09582362980705117,0.08885947506220002,0.006964154744851153,53.19874199882983
2021-09-30,7.82,7.89,7.82,7.89,300,29.586713016608556,0.09915625459266231,0.09091883096829248,0.008237423624369827,57.40184774871112
2021-10-01,7.89,7.89,7.75,7.75,1100,-2.688172043011078,0.08946920843218553,0.0906289064610711,-0.0011596980288855613,52.33976498295871
2021-10-04,7.68,7.75,7.68,7.68,600,-48.66468842730021,0.07527600464910922,0.08755832609867872,-0.012282321449569505,49.96706985011619
2021-10-05,8.03,8.38,8.03,8.31,7635,153.02348825587234,0.1135545372447142,0.09275756832788581,0.02079696891682839,65.2398721274439
2021-10-06,8.31,8.31,8.1,8.1,738,105.9386973180085,0.12549863500771252,0.09930578166385115,0.026192853343861372,58.79697491878054
2021-10-07,8.1,8.1,8.1,8.1,0,64.7466666666667,0.133426362485757,0.10612989782823232,0.027296464657524694,58.79697491878054
2021-10-08,7.61,7.75,7.61,7.68,900,-110.30303030303061,0.10461274313111169,0.10582646688880819,-0.0012137237576965026,47.83860471182537
2021-10-11,7.75,8.03,7.75,7.89,1600,-8.34382607235744,0.09759793887170432,0.10418076128538742,-0.006582822413683104,52.595914632887805
2021-10-12,7.68,7.75,7.68,7.75,300,-78.36812144212523,0.07982169121693516,0.09930894727169697,-0.0194872560547618,49.3636079246486
2021-10-13,7.82,8.17,7.82,7.96,3225,40.95509171410572,0.0817369195077351,0.09579454171890459,-0.01405762221116949,53.936523715654715
2021-10-14,8.1,8.17,8.03,8.17,8455,87.16870004206913,0.09905811637935624,0.09644725665099492,0.0026108597283613227,58.0193790457911
2021-10-15,8.17,8.17,8.17,8.17,508,92.45283018867971,0.11149998724596166,0.09945780276998827,0.012042184475973397,58.0193790457911
2021-10-18,8.38,8.38,8.38,8.38,2010,138.98305084745826,0.13672937339790625,0.10691211689557187,0.029817256502334383,61.93256318054583
2021-10-19,8.46,8.46,8.24,8.24,925,99.25925925926,0.14376972581441105,0.1142836386793397,0.02948608713507135,58.04783298126082
2021-10-20,8.74,8.81,8.67,8.74,7500,188.10277058767167,0.18753330989213524,0.1289335729218988,0.05859973697023643,66.201695335789
2021-10-21,8.74,8.81,8.31,8.46,2900,112.5333333333341,0.1973477041422953,0.1426163991659781,0.0547313049763172,59.25602448962459
2021-10-22,8.81,8.81,8.67,8.74,7900,144.55346597619726,0.22512425001757919,0.15911796933629832,0.06600628068128087,63.392238007500815
2021-10-25,8.67,8.81,8.67,8.81,1600,120.2234116825692,0.2499050281247932,0.1772753810939973,0.07262964703079591,64.36616587690422
2021-10-26,8.96,8.96,8.81,8.81,1847,115.31660692951026,0.2664722471190526,0.19511475429900835,0.07135749282004425,64.36616587690422
2021-10-27,8.73,8.81,8.73,8.81,1200,85.41666666666654,0.2764155412357052,0.21137491168634773,0.06504062954935749,64.36616587690422
2021-10-28,8.14,8.96,8.14,8.88,6700,53.19465081723651,0.28663988231016724,0.22642790581111163,0.0602119764990556,65.51213770225715
2021-10-29,8.14,8.96,8.06,8.96,700,45.49028677150818,0.2977656209604138,0.24069544884097208,0.05707017211944174,66.82523198739794
2021-11-01,9.03,9.03,8.96,8.96,4500,112.74172185430497,0.3030890273563571,0.25317416454404906,0.04991486281230806,66.82523198739794
2021-11-02,8.96,8.96,8.96,8.96,200,100.728021288347,0.30380578134342073,0.2633004879039234,0.040505293439497325,66.82523198739794
2021-11-03,8.81,8.96,8.81,8.96,6535,81.84079601990105,0.3009051665886293,0.2708214236408646,0.030083742947764724,66.82523198739794
2021-11-04,8.96,8.96,8.96,8.96,47,95.48167092924172,0.2952034864634978,0.27569783620539123,0.019505650258106577,66.82523198739794
2021-11-05,8.96,8.96,8.96,8.96,1000,86.75496688741674,0.2873722158644494,0.2780327121372029,0.009339503727246512,66.82523198739794
2021-11-08,9.33,9.4,8.96,8.96,6900,138.57142857142787,0.2779617079493626,0.27801851129963484,-5.680335027224981e-05,66.82523198739794
2021-11-09,9.48,9.48,8.96,9.26,2700,162.26415094339475,0.2913527720278619,0.2806853634452803,0.010667408582581639,73.24308451661548
2021-11-10,9.26,9.48,9.26,9.4,7540,192.14501510574024,0.30969217810614147,0.28648672637745254,0.02320545172868893,75.61398905360046
2021-11-11,9.63,9.63,9.63,9.63,200,214.66666666666657,0.33887898140842765,0.2969651773836476,0.041913804024780066,78.91887376113299
2021-11-12,9.78,9.78,9.03,9.7,2400,131.0238198772765,0.363468311842885,0.31026580427549505,0.05320250756738992,79.81545451282302
2021-11-15,9.48,9.85,9.48,9.48,7351,125.77250147343595,0.3610415101964577,0.3204209454596876,0.040620564736770115,69.77193972924147
2021-11-16,9.48,9.48,9.48,9.48,0,79.76190476190519,0.3550257367105516,0.3273419037098604,0.027683833000691216,69.77193972924147
2021-11-17,10.3,10.3,9.85,9.93,3500,168.79759812536648,0.3821640824214736,0.338306339452183,0.04385774296929057,76.7209528502596
2021-11-18,9.93,10.08,9.85,9.93,4083,129.30047298979366,0.3990711728511531,0.35045930613197707,0.048611866719176056,76.7209528502596
2021-11-19,9.93,9.93,9.85,9.93,4601,102.20285645122253,0.4077696491382099,0.3619213747332236,0.04584827440498629,76.7209528502596
2021-11-22,9.93,9.93,9.85,9.93,1400,89.92901820226298,0.409937747093732,0.3715246492053253,0.03841309788840669,76.7209528502596
2021-11-23,9.93,10.0,9.85,9.93,3300,83.32048316628138,0.40696474410055217,0.37861266818437067,0.028352075916181496,76.72095285025961
2021-11-24,9.93,9.93,9.93,9.93,800,74.5424292845258,0.39999769338964875,0.3828896732254263,0.01710802016422247,76.7209528502596
2021-11-25,9.85,10.0,9.85,10.0,905,68.73290793072027,0.3955648451872076,0.3854247076177825,0.010140137569425056,77.95092922652279
2021-11-26,10.45,10.82,10.45,10.82,631,217.54817548175455,0.4529970598982622,0.39893917807387846,0.05405788182438376,86.76962328573865
2021-11-29,10.45,10.45,10.45,10.45,3800,146.71228670439052,0.46331578014312313,0.4118144984877274,0.05150128165539575,72.65002589825149
2021-11-30,10.45,10.45,10.45,10.45,2200,128.16290393979634,0.46612029566097135,0.42267565792237616,0.04344463773859519,72.65002589825149
2021-12-01,10.45,10.45,10.45,10.45,0,101.6093052899938,0.46300565345232236,0.4307416570283654,0.03226399642395694,72.65002589825149
2021-12-02,9.55,9.55,9.55,9.55,121,-110.90222543584794,0.38349411720962223,0.42129214906461676,-0.03779803185499453,48.6159209244459
2021-12-03,9.55,9.55,9.55,9.55,310,-108.95201718787293,0.3168284507264847,0.40039940939699037,-0.08357095867050568,48.6159209244459
2021-12-06,9.03,9.03,9.03,9.03,120,-206.4509002540598,0.21950545333113425,0.3642206181838191,-0.14471516485268487,39.79438547478974
2021-12-07,9.33,9.33,9.33,9.33,200,-120.05139649692306,0.16468537898057356,0.32431357034317,-0.15962819136259643,45.89414262237163
2021-12-08,9.7,9.7,9.7,9.7,1200,-41.200545702592194,0.14937409133861834,0.28932567454225966,-0.13995158320364132,52.31147578177151
2021-12-09,10.45,10.45,10.45,10.45,2200,84.87816252769005,0.19550485923921102,0.2705615114816499,-0.0750566522424389,62.11929727382698
2021-12-10,10.37,10.45,10.08,10.08,800,37.286432160804004,0.19990355364293144,0.25642991991390623,-0.05652636627097479,56.0003773791308
2021-12-13,10.08,10.08,10.08,10.08,510,15.098722415795688,0.20107172101173987,0.24535828013347297,-0.0442865591217331,56.0003773791308
2021-12-14,10.08,10.08,10.08,10.08,11,13.323402846739523,0.1996955362321824,0.23622573135321484,-0.03653019512103245,56.0003773791308
2021-12-15,9.7,9.7,9.63,9.63,1113,-49.52589350838762,0.16044416027973973,0.22106941713851982,-0.06062525685878009,48.71173456272684
2021-12-16,9.63,9.63,9.63,9.63,133,-44.133644133643784,0.12786323427392787,0.20242818056560144,-0.07456494629167357,48.71173456272684
2021-12-17,9.18,9.18,9.18,9.18,300,-102.9469001946067,0.06498230097280455,0.17493900464704207,-0.10995670367423752,42.32317023354845
2021-12-20,9.18,9.18,9.18,9.18,0,-94.28282467725624,0.014976073446593574,0.14294641840695238,-0.1279703449603588,42.32317023354845
2021-12-21,9.11,9.11,8.96,9.11,2200,-106.25988700564969,-0.029957307930883914,0.10836567313938511,-0.13832298107026902,41.34492711535109
2021-12-22,10.0,10.0,10.0,10.0,633,62.39863422962023,0.006177020709905889,0.08792794265348927,-0.08175092194358338,55.44550189153505
2021-12-23,10.0,10.0,10.0,10.0,0,54.10805300713545,0.0344169987537164,0.0772257538735347,-0.0428087551198183,55.445501891535045
2021-12-24,10.08,10.08,10.08,10.08,1200,58.053402239448765,0.06253188754868333,0.07428698060856442,-0.011755093059881094,56.534789031009424
2021-12-27,10.08,10.08,10.08,10.08,0,50.468669748330726,0.08384660797153565,0.07619890608115867,0.007647701890376973,56.534789031009424
2021-12-28,9.7,9.7,9.7,9.7,410,-21.257062146892874,0.06927726804104495,0.07481457847313593,-0.005537310432090978,49.82428867310764
2021-12-29,9.7,9.7,9.7,9.7,0,-12.468577174459709,0.057073058488198214,0.07126627447614839,-0.014193215987950175,49.82428867310764
2021-12-30,9.7,9.7,9.7,9.7,0,-5.439397580710016,0.04686095062214335,0.06638520970534738,-0.01952425908320403,49.824288673107645
2021-12-31,9.7,9.7,9.7,9.7,0,1.0633069740426344,0.03832598348352789,0.060773364460983484,-0.02244738097745559,49.824288673107645
2022-01-04,9.7,9.7,9.7,9.7,0,8.871474870603635,0.031202280073120647,0.054859147583410914,-0.023656867510290266,49.824288673107645
2022-01-05,9.63,10.67,9.03,10.67,7000,110.89605734767002,0.10264436680202493,0.06441619142713371,0.03822817537489122,65.12875366527709
2022-01-06,10.67,10.67,10.67,10.67,577,181.7829457364333,0.15744777530128573,0.08302250820196412,0.07442526709932161,65.1287536652771
2022-01-07,9.93,10.67,9.93,10.67,328,112.29331416247305,0.19859064207077815,0.10613613497572692,0.09245450709505122,65.1287536652771
2022-01-10,10.6,10.6,10.52,10.52,2600,122.7516634470915,0.21659612866145395,0.12822813371287234,0.08836799494858161,61.50539440562945
2022-01-11,10.37,10.37,10.37,10.37,500,77.09431751610946,0.21626884745857566,0.145836276462013,0.07043257099656267,58.02870275361182
2022-01-12,9.63,9.63,9.63,9.63,100,-89.7251134240724,0.15451648928015516,0.14757231902564144,0.006944170254513715,44.62662449389311
2022-01-13,9.63,9.63,9.63,9.63,0,-76.96078431372538,0.10437414040213255,0.13893268330093966,-0.03455854289880711,44.62662449389311
2022-01-14,9.63,9.63,9.63,9.63,200,-66.89976689976689,0.06389937543613655,0.12392602172797904,-0.060026646291842484,44.62662449389312
2022-01-17,9.63,9.63,9.63,9.63,0,-59.30270446399485,0.03146017923273625,0.10543285322893048,-0.07397267399619423,44.62662449389312
2022-01-18,9.63,9.63,9.63,9.63,0,-57.751975487824765,0.005686334010894356,0.08548354938532325,-0.0797972153744289,44.62662449389312
2022-01-19,8.73,8.88,8.73,8.88,200,-175.52119129438725,-0.07440071092372058,0.05350669732351448,-0.12790740824723507,33.32671906614772
2022-01-20,8.96,9.7,8.96,9.7,500,-65.51207327227313,-0.07088599443746446,0.028628158971318686,-0.09951415340878314,48.63931574129717
2022-01-21,9.7,9.78,9.7,9.78,338,-17.28974573903346,-0.06094271520250594,0.01071398413655376,-0.0716566993390597,49.8494499429923
2022-01-24,9.85,9.85,9.85,9.85,300,-3.2293891499357543,-0.04687384725258248,-0.0008035821412734883,-0.04607026511130899,50.938717006642435
2022-01-25,9.85,9.85,9.85,9.85,1,0.04254801847813934,-0.03531705501543314,-0.007706276716105419,-0.02761077829932772,50.938717006642435
2022-01-26,9.85,9.85,9.85,9.85,0,12.807407407407434,-0.025860114601535145,-0.011337044293191365,-0.01452307030834378,50.938717006642435
2022-01-27,9.85,9.85,9.85,9.85,0,25.603421937061466,-0.018156128640772096,-0.012700861162707511,-0.005455267478064584,50.938717006642435
2022-01-28,8.96,8.96,8.96,8.96,100,-185.60902816638693,-0.0829104857525298,-0.02674278608067197,-0.05616769967185782,37.14248873312938
2022-02-07,8.96,8.96,8.96,8.96,0,-138.50053143651303,-0.132699107583651,-0.04793405038126777,-0.08476505720238323,37.14248873312939
2022-02-08,8.96,8.96,8.96,8.96,0,-108.21750792489624,-0.1701950465387032,-0.07238624961275486,-0.09780879692594835,37.14248873312939
2022-02-09,8.96,8.96,8.96,8.96,69,-88.54205841795135,-0.1976326619987745,-0.09743553208995878,-0.10019712990881571,37.14248873312938
2022-02-10,9.85,9.85,9.33,9.33,416,13.491607632905664,-0.18736147568402828,-0.11542072080877268,-0.0719407548752556,45.41001850371374
2022-02-11,9.33,9.33,9.33,9.33,1,-15.176151761517305,-0.1771790764267891,-0.12777239193237597,-0.04940668449441313,45.41001850371374
2022-02-14,9.33,9.33,9.33,9.33,36,-11.436541143653644,-0.1671822784169663,-0.13565436922929403,-0.03152790918767229,45.41001850371374
2022-02-15,9.33,9.33,9.33,9.33,0,-20.56074766355106,-0.15744481811391964,-0.14001245900621914,-0.017432359107700496,45.41001850371374
2022-02-16,9.33,9.33,9.33,9.33,17,-18.434565727698967,-0.14802151083245718,-0.14161426937146676,-0.0064072414609904205,45.41001850371374
2022-02-17,9.33,9.33,9.33,9.33,6900,-13.037893384713932,-0.1389517229528785,-0.14108176008774911,0.002130037134870616,45.41001850371374
2022-02-18,9.33,9.33,9.33,9.33,0,-5.084097859326822,-0.1302622683696999,-0.13891786174413928,0.008655593374439385,45.41001850371374
2022-02-21,9.7,9.7,9.7,9.7,100,108.90795791194202,-0.09245415132168588,-0.1296251196596486,0.03717096833796271,55.28925301707277
2022-02-22,9.7,9.7,9.7,9.7,100,118.78787878787885,-0.06177879863367686,-0.11605585545445425,0.054277056820777395,55.28925301707276
2022-02-23,9.7,9.7,9.7,9.7,0,125.87513935340021,-0.03704137075978409,-0.10025295851552021,0.06321158775573613,55.28925301707277
2022-02-24,9.7,9.7,9.7,9.7,0,105.91178550062605,-0.01723807119180698,-0.08364998105077756,0.06641190985897058,55.28925301707277
2022-02-25,9.55,9.55,9.55,9.55,100,46.76275451841725,-0.013492032257445885,-0.06961839129211123,0.05612635903466534,50.32324668726896
2022-02-28,9.55,9.55,9.55,9.55,1,36.71628326567436,-0.010403346115055001,-0.05777538225669998,0.04737203614164498,50.32324668726896
2022-03-01,9.55,9.55,9.55,9.55,0,25.77649695805351,-0.007864878668851105,-0.047793281539130206,0.0399284028702791,50.32324668726896
2022-03-02,9.55,9.55,9.55,9.55,0,23.728813559322127,-0.005786422650670531,-0.03939190976143827,0.03360548711076774,50.32324668726896
2022-03-03,9.55,9.55,9.55,9.55,1001,18.087855297157173,-0.004092060554937049,-0.032331939920138025,0.028239879365200976,50.32324668726896
2022-03-04,9.33,9.33,9.33,9.33,500,-93.33333333333451,-0.02026779326563144,-0.029919110589236707,0.009651317323605267,42.259361808537335
2022-03-07,9.33,9.33,9.33,9.33,100,-93.33333333333451,-0.03271011612140917,-0.0304773116956712,-0.0022328044257379706,42.259361808537335
2022-03-08,9.33,9.33,9.33,9.33,0,-93.33333333333451,-0.042085609913014466,-0.03279897133913985,-0.009286638573874614,42.259361808537335
2022-03-09,9.33,9.33,9.33,9.33,0,-93.33333333333451,-0.04895147416668877,-0.03602947190464963,-0.012922002262039135,42.259361808537335
2022-03-10,9.33,9.33,9.33,9.33,10,-93.33333333333451,-0.05377286098461731,-0.03957814972064317,-0.01419471126397414,42.259361808537335
2022-03-11,9.33,9.33,9.33,9.33,0,-77.77777777777779,-0.0569375046626579,-0.043050020709046115,-0.013887483953611786,42.25936180853734
2022-03-14,9.03,9.03,9.03,9.03,100,-178.81619937694694,-0.08269968982735953,-0.0509799545327088,-0.03171973529465073,31.516493851764118
2022-03-15,9.03,9.03,9.03,9.03,0,-154.03645833333354,-0.10194129142560371,-0.06117222191128778,-0.04076906951431593,31.51649385176411
2022-03-16,8.58,9.93,8.21,9.93,5600,-5.604873803306918,-0.04406002439943535,-0.057749782408917295,0.013689758009481946,63.65919884821619
2022-03-17,10.45,10.45,10.37,10.37,705,310.3989535644205,0.03689037027234221,-0.03882175187266539,0.07571212214500761,70.86000020308641
2022-03-18,10.37,10.37,10.37,10.37,0,207.84313725490188,0.09989264108046036,-0.011078873282040238,0.1109715143625006,70.86000020308641
2022-03-21,10.37,10.37,9.93,9.93,2600,111.01996171725456,0.11301530178675989,0.01373996173171979,0.0992753400550401,57.618984523623794
2022-03-22,9.7,9.93,9.7,9.93,200,56.992400592816956,0.12200866499782848,0.03539370238494153,0.08661496261288695,57.618984523623794
2022-03-23,9.93,9.93,9.93,9.93,1200,60.32019775229224,0.12766433514897457,0.05384782893774814,0.07381650621122643,57.61898452362381
2022-03-24,10.08,10.08,10.08,10.08,745,71.79487179487178,0.14260636349931666,0.07159953585006185,0.07100682764925481,60.7424451082161
2022-03-25,10.0,10.08,9.93,9.93,3000,48.14192343604095,0.14072212515842253,0.08542405371173398,0.05529807144668855,56.275899240719305
2022-03-28,9.7,9.7,9.55,9.55,600,-15.179968701095587,0.10732880879266915,0.08980500472792101,0.01752380406474814,46.872684098874096
2022-03-29,9.55,9.55,9.55,9.55,0,-27.024827024826884,0.07994283376203448,0.0878325705347437,-0.007889736772709224,46.8726840988741
2022-03-30,10.15,10.45,10.15,10.15,2900,80.92017802439196,0.10543880393732508,0.09135381721525998,0.014084986722065096,59.31991621962672
2022-03-31,9.26,9.26,9.18,9.18,300,-92.50493096646946,0.04683377995571725,0.08244980976335144,-0.03561602980763419,42.13343556001036
2022-04-01,9.18,9.18,9.18,9.18,22,-101.79598953792492,0.0003844445860181622,0.06603673672788478,-0.06565229214186662,42.133435560010376
2022-04-04,9.33,10.08,9.33,10.08,1110,-0.5863874345547531,0.03578300582530147,0.05998599054736812,-0.024202984722066646,55.886466326409725
2022-04-05,9.93,9.93,9.93,9.93,1302,12.962962962963005,0.05114332581818282,0.05821745760153106,-0.007074131783348245,53.59997915321445
2022-04-06,9.93,9.93,9.93,9.93,609,22.7583225248595,0.0625949346351895,0.05909295300826275,0.003501981626926755,53.59997915321444
2022-04-07,9.93,9.93,9.93,9.93,100,33.211917437190756,0.07085366023671824,0.061445094453953845,0.009408565782764396,53.59997915321445
2022-04-08,9.93,9.93,9.93,9.93,0,37.00086182131614,0.07651672262838183,0.06445942008883944,0.012057302539542389,53.59997915321445
2022-04-12,9.93,9.93,9.93,9.93,0,34.9966921841035,0.08008160942950227,0.067583857956972,0.012497751472530266,53.59997915321445
2022-04-13,10.08,10.08,10.08,10.08,300,71.86434430006474,0.09392781294115515,0.07285264895380864,0.021075163987346518,56.195949949584936
2022-04-14,9.7,9.7,9.7,9.7,500,-24.032092545946128,0.07339218534554348,0.07296055623215561,0.00043162911338787135,48.75426527476343
2022-04-15,10.15,10.15,10.15,10.15,213,92.75323154528674,0.09236407614276487,0.07684126021427747,0.015522815928487407,56.158282297854015
2022-04-18,9.33,9.33,9.26,9.26,2000,-117.23191214470302,0.03517836008767716,0.06850868018895741,-0.033330320101280245,42.94328394544104
2022-04-19,9.26,9.26,9.26,9.26,0,-107.64465095696434,-0.01002615659465711,0.052801712832234504,-0.06282786942689161,42.94328394544104
2022-04-20,9.26,9.26,9.26,9.26,0,-88.74707509040616,-0.04532854252418339,0.03317566176095092,-0.07850420428513431,42.94328394544104
2022-04-21,9.26,9.26,9.26,9.26,3,-90.93396701951463,-0.07247054241171291,0.012046420926418153,-0.08451696333813107,42.94328394544104
2022-04-22,9.26,9.26,9.26,9.26,0,-94.34490894344948,-0.09290976691149488,-0.008944816641164456,-0.08396495027033044,42.94328394544104
2022-04-25,8.96,8.96,8.96,8.96,200,-124.88325129370232,-0.13179622750919862,-0.03351509881477129,-0.09828112869442732,38.51772078514738
2022-04-26,8.96,8.96,8.96,8.96,0,-104.23345663789596,-0.16076087638193925,-0.05896425432820489,-0.10179662205373437,38.51772078514739
2022-04-27,8.96,8.96,8.96,8.96,0,-90.61292740587011,-0.1816219445713294,-0.08349579237682979,-0.09812615219449962,38.51772078514739
2022-04-28,8.96,8.96,8.96,8.96,5,-81.50399237278064,-0.19589632056505302,-0.10597589801447443,-0.08992042255057858,38.51772078514738
2022-04-29,9.03,9.03,9.03,9.03,2000,-63.920641177243915,-0.19926346619472213,-0.12463341165052397,-0.07463005454419816,40.44397891387421
2022-05-04,9.03,9.03,9.03,9.03,0,-61.00217864923786,-0.19963073452344027,-0.13963287622510723,-0.05999785829833304,40.44397891387421
2022-05-05,9.03,9.03,9.03,9.03,0,-55.1558752997612,-0.19764348623940542,-0.15123499822796688,-0.04640848801143854,40.44397891387421
2022-05-06,9.93,9.93,9.93,9.93,2200,185.92450415866855,-0.12203930611670621,-0.14539585980571473,0.02335655368900852,60.37813819080887
2022-05-09,9.93,9.93,9.93,9.93,4,203.0054644808735,-0.06141450053776332,-0.12859958795212445,0.06718508741436113,60.37813819080887
2022-05-10,9.93,9.93,9.93,9.93,100,155.55555555555352,-0.013216553140726006,-0.10552298098984476,0.09230642784911876,60.37813819080887
2022-05-11,9.93,9.93,9.93,9.93,100,116.66666666666583,0.02469598744830037,-0.07947918730221573,0.1041751747505161,60.37813819080887
2022-05-12,10.0,10.0,9.93,9.93,602,96.39677356331426,0.05411810913544812,-0.052759728014682955,0.10687783715013108,60.37813819080887
2022-05-13,9.93,9.93,9.93,9.93,0,77.19619512691379,0.07655289838736934,-0.026897202734272496,0.10345010112164184,60.37813819080887
2022-05-16,9.93,9.93,9.93,9.93,0,66.19552414605377,0.0932576147712112,-0.002866239233175756,0.09612385400438694,60.37813819080887
2022-05-17,9.93,9.93,9.93,9.93,500,57.910064662618744,0.10528259068708579,0.01876352675087655,0.08651906393620923,60.37813819080887
2022-05-18,9.93,9.93,9.93,9.93,0,51.44737191222874,0.1135040665107816,0.03771163470285756,0.07579243180792404,60.37813819080887
2022-05-19,8.96,8.96,8.96,8.96,1101,-99.8859083552234,0.04127298270871016,0.038423904304028075,0.0028490784046820844,35.45707622050608
2022-05-20,8.96,8.96,8.96,8.96,0,-99.8859083552234,-0.01578866964571901,0.02758138951407866,-0.04337005915979767,35.45707622050608
2022-05-23,8.96,8.96,8.96,8.96,0,-97.63697197825242,-0.060315164571315805,0.010002078696999768,-0.07031724326831557,35.45707622050608
2022-05-24,9.7,9.7,9.7,9.7,200,9.974363560483656,-0.03548190373443383,0.000905282210713048,-0.03638718594514688,53.675524211257944
2022-05-25,9.7,9.7,9.7,9.7,0,1.9254433586677733,-0.015621293064688402,-0.0024000328443672422,-0.01322126022032116,53.67552421125793
2022-05-26,9.7,9.7,9.7,9.7,0,5.546299381687255,0.0001170348738828153,-0.0018966193007172306,0.002013654174600046,53.67552421125792
2022-05-27,8.73,10.45,8.73,8.96,1310,-52.219902574808714,-0.046585039075941026,-0.01083430325576199,-0.035750735820179035,39.68478112455895
2022-05-30,8.96,8.96,8.96,8.96,0,-108.35386065748284,-0.08264409941753037,-0.02519626248811567,-0.0574478369294147,39.68478112455896
2022-05-31,8.96,8.96,8.96,8.96,200,-89.44444444444468,-0.10995368687128249,-0.042147747364749036,-0.06780593950653345,39.68478112455896
2022-06-01,8.96,9.33,8.96,9.33,288600,-40.654396728016664,-0.10058138431372399,-0.053834474754544025,-0.04674690955917996,48.12822550151421
2022-06-02,9.33,9.33,9.33,9.33,0,-13.223562448146382,-0.09209218562260268,-0.06148601692815576,-0.030606168694446927,48.1282255015142
2022-06-03,9.33,9.33,9.33,9.33,0,-5.873842592592654,-0.08439162043015536,-0.06606713762855568,-0.01832448280159968,48.1282255015142
2022-06-06,9.33,9.33,9.33,9.33,351701,3.7786774628878925,-0.07739668621464624,-0.06833304734577379,-0.009063638868872445,48.12822550151421
2022-06-07,9.33,9.33,9.33,9.33,0,16.686205549042953,-0.07103431113167424,-0.06887330010295388,-0.0021610110287203638,48.1282255015142
2022-06-08,9.33,9.33,9.33,9.33,0,10.226835832372608,-0.06524003650961241,-0.06814664738428558,0.002906610874673171,48.1282255015142
2022-06-09,9.33,9.33,9.33,9.33,0,2.0162346163923277,-0.05995688646087771,-0.066508695199604,0.006551808738726295,48.1282255015142
2022-06-10,9.85,9.85,9.85,9.85,210,154.25616547334914,-0.01365291549436698,-0.0559375392585566,0.04228462376418962,61.013672043618236
2022-06-13,9.85,9.85,9.85,9.85,0,139.94089085919325,0.02278071321722308,-0.04019388876340066,0.06297460198062374,61.013672043618236
2022-06-14,9.33,9.33,9.33,9.33,356902,-15.423436730674819,0.009584488267988078,-0.03023821335712291,0.03982270162511099,47.367320544730326
2022-06-15,9.33,9.33,9.33,9.33,100,-7.254991617131214,-0.0008636593505642054,-0.02436330255581117,0.023499643205246966,47.36732054473033
2022-06-16,9.33,9.33,9.33,9.33,1700,-5.803222274362452,-0.00903968772007957,-0.02129857958866485,0.012258891868585281,47.36732054473034
2022-06-17,9.33,9.33,9.33,9.33,0,-18.943894389438757,-0.015342391568331948,-0.020107341984598272,0.004764950416266324,47.367320544730326
2022-06-20,9.33,9.33,9.33,9.33,0,-33.6127117164307,-0.020105565334702646,-0.020106986654619147,1.4213199165009904e-06,47.36732054473033
2022-06-21,9.33,9.33,9.33,9.33,0,-38.88888888888905,-0.023608273381460876,-0.02080724399998749,-0.002801029381473384,47.367320544730326
2022-06-22,9.33,9.33,9.33,9.33,0,-38.88888888888905,-0.02608352016018678,-0.02186249923202735,-0.00422102092815943,47.36732054473033
2022-06-23,9.33,9.33,9.33,9.33,0,-38.88888888888905,-0.02772556797645187,-0.023035112980912254,-0.004690454995539616,47.367320544730326
2022-06-24,9.33,9.33,9.33,9.33,0,-38.88888888888905,-0.02869611178718401,-0.024167312742166606,-0.004528799045017403,47.367320544730326
2022-06-27,9.33,9.33,9.33,9.33,0,-38.88888888888905,-0.02912948814274685,-0.025159747822282655,-0.003969740320464196,47.36732054473033
2022-06-28,9.33,9.33,9.33,9.33,0,-38.88888888888905,-0.029137068043626257,-0.025955211866551375,-0.003181856177074883,47.36732054473034
2022-06-29,8.51,8.51,8.51,8.51,4800,-386.6855524079331,-0.09422406576604025,-0.03960898264644915,-0.0546150831195911,26.359834189760452
2022-06-30,8.51,8.51,8.51,8.51,0,-233.33333333333331,-0.14414437377344846,-0.06051606087184901,-0.08362831290159944,26.359834189760452
2022-07-01,9.33,9.33,9.33,9.33,100,38.88888888888894,-0.1161999498616062,-0.07165283866980045,-0.04454711119180575,51.371990394483866
2022-07-04,9.33,9.33,9.33,9.33,5,38.88888888888894,-0.09298195449065538,-0.07591866183397143,-0.01706329265668395,51.37199039448388
2022-07-05,9.33,9.33,9.33,9.33,0,38.88888888888894,-0.07373159396366447,-0.07548124825991004,0.001749654296245573,51.371990394483866
2022-07-06,8.43,8.43,8.43,8.43,1200,-168.02672393223526,-0.1296040283774058,-0.0863058042834092,-0.04329822409399661,35.05169267621389
2022-07-07,8.43,8.43,8.43,8.43,3,-124.26356589147296,-0.1719017587200522,-0.1034249951707378,-0.0684767635493144,35.05169267621388
2022-07-08,8.43,8.43,8.43,8.43,200,-98.6857825567502,-0.203082011738136,-0.12335639848421745,-0.07972561325391855,35.05169267621389
2022-07-11,8.43,8.43,8.43,8.43,0,-81.93384223918557,-0.22519665998036054,-0.14372445078344606,-0.08147220919691447,35.05169267621389
2022-07-12,8.43,8.43,8.43,8.43,0,-70.1411509229099,-0.23995660763474902,-0.16297088215370664,-0.07698572548104238,35.05169267621389
2022-07-13,8.43,8.43,8.43,8.43,0,-61.42676767676761,-0.2487861209521789,-0.1801339299134011,-0.06865219103877779,35.05169267621389
2022-07-14,8.43,8.43,8.43,8.43,0,-54.77749790092367,-0.2528686613467226,-0.1946808762000654,-0.05818778514665718,35.05169267621389
2022-07-15,8.43,8.43,8.43,8.43,0,-49.62292609351456,-0.2531855387345061,-0.20638180870695355,-0.04680373002755256,35.0516926762139
2022-07-18,8.43,8.43,8.43,8.43,7,-45.67647729865405,-0.2505484992094438,-0.2152151468074516,-0.035333352401992174,35.0516926762139
2022-07-19,8.43,8.43,8.43,8.43,0,-44.03711246888482,-0.24562718904924274,-0.22129755525580982,-0.02432963379343292,35.0516926762139
2022-07-20,8.43,8.43,8.43,8.43,0,-42.4242424242427,-0.2389722914701764,-0.22483250249868314,-0.014139788971493261,35.05169267621389
2022-07-21,8.43,8.43,8.43,8.43,0,-38.88888888888911,-0.23103500941854271,-0.22607300388265505,-0.004962005535887659,35.05169267621389
2022-07-22,8.43,8.43,8.43,8.43,0,-35.897435897437155,-0.2221834635442601,-0.22529509581497606,0.0031116322707159527,35.05169267621389
2022-07-25,7.69,7.69,7.69,7.69,3300,-466.66666666667663,-0.2717478254542165,-0.23458564174282415,-0.03716218371139235,20.808009288961735
2022-07-26,7.69,7.69,7.69,7.69,0,-233.33333333333644,-0.30748346141838034,-0.24916520567793538,-0.05831825574044497,20.80800928896174
2022-07-27,7.69,7.69,7.69,7.69,200,-155.55555555555725,-0.3319773817729992,-0.2657276408969481,-0.06624974087605107,20.808009288961735
2022-07-28,7.69,7.69,7.69,7.69,0,-116.66666666666785,-0.34738455718732375,-0.28205902415502326,-0.06532553303230049,20.80800928896174
2022-07-29,7.69,7.69,7.69,7.69,0,-93.33333333333378,-0.3554969076437047,-0.29674660085275956,-0.05875030679094512,20.808009288961735
2022-08-01,7.69,7.69,7.69,7.69,4,-77.77777777777781,-0.3578014909625953,-0.3089575788747267,-0.04884391208786859,20.80800928896174
2022-08-02,7.69,7.69,7.69,7.69,26,-66.66666666666674,-0.355529566315429,-0.31827197636286714,-0.03725758995256184,20.808009288961735
2022-08-03,7.69,7.69,7.69,7.69,0,-58.33333333333317,-0.3496979493831409,-0.3245571709669219,-0.025140778416219034,20.80800928896174
2022-08-04,8.43,8.43,8.43,8.43,400,77.777777777778,-0.28211251789051506,-0.3160682403516405,0.03395572246112544,54.36080705485463
2022-08-05,8.43,8.43,8.43,8.43,0,77.777777777778,-0.22594601153144467,-0.29804379458760133,0.07209778305615666,54.36080705485462
2022-08-08,8.51,8.51,8.51,8.51,100,89.82300884955785,-0.17298426425261226,-0.2730318885206035,0.10004762426799124,56.66296093063935
2022-08-09,8.51,8.51,8.51,8.51,0,87.24637681159423,-0.12951868716232795,-0.2443292482489484,0.11481056108662044,56.662960930639336
2022-08-10,9.33,9.33,9.33,9.33,100,185.18181818181853,-0.028575358249286253,-0.20117847024901597,0.17260311199972972,72.90823223524816
2022-08-11,9.08,9.16,9.08,9.16,542900,131.6809958803515,0.037275687004513,-0.15348763879831018,0.19076332580282318,67.27759026609134
2022-08-12,9.16,9.16,9.16,9.16,0,112.13437590501029,0.08844359212353403,-0.10510139261394133,0.19354498473747536,67.27759026609132
2022-08-15,9.49,9.49,9.49,9.49,100,129.1187739463603,0.1538492888165166,-0.053311256327849735,0.20716054514436633,72.12424772261511
2022-08-16,9.49,9.49,9.49,9.49,0,111.6813686180166,0.20333980002820873,-0.001981045056638042,0.20532084508484677,72.12424772261511
2022-08-17,9.49,9.49,9.49,9.49,0,92.91447752481034,0.23979715439602245,0.046374594833894056,0.1934225595621284,72.12424772261511
2022-08-18,9.08,9.08,9.08,9.08,300,40.508039454127776,0.23292132486201922,0.08368394083951909,0.14923738402250014,58.645344455052474
2022-08-19,9.49,9.49,9.49,9.49,100,77.37373737373755,0.2575864575648712,0.11846444418458951,0.13912201338028168,65.57394072610764
2022-08-22,9.49,9.49,9.49,9.49,0,71.41257475043486,0.2739755335279046,0.14956666205325253,0.12440887147465207,65.57394072610765
2022-08-23,9.49,9.49,9.49,9.49,0,68.84118062594071,0.28369374935617486,0.176392079513837,0.10730166984233785,65.57394072610765
2022-08-24,9.49,9.49,9.49,9.49,0,62.42007228245783,0.2880747589155739,0.19872861539418438,0.0893461435213895,65.57394072610767
2022-08-25,9.49,9.49,9.49,9.49,0,56.200341112359354,0.28822427057703415,0.21662774643075433,0.07159652414627982,65.57394072610764
2022-08-26,9.49,9.49,9.49,9.49,100,51.85185185185259,0.2850568022710327,0.23031355759881,0.05474324467222269,65.57394072610765
2022-08-29,9.49,9.49,9.49,9.49,0,46.666666666667,0.279326656991163,0.2401161774772806,0.0392104795138824,65.57394072610765
2022-08-30,9.49,9.49,9.49,9.49,0,42.424242424243,0.2716540171623052,0.24642374541428552,0.025230271748019673,65.57394072610764
2022-08-31,9.25,9.25,9.25,9.25,100,-103.03030303030079,0.2434016182404104,0.2458193199795105,-0.0024177017391001088,55.69245857734888
2022-09-05,9.25,9.25,9.25,9.25,0,-117.73918964929968,0.21849274024473253,0.2403540040325549,-0.021861263787822383,55.69245857734888
2022-09-06,9.25,9.25,9.25,9.25,0,-92.0943952802338,0.19648729178379298,0.23158066158280252,-0.03509336979900954,55.69245857734888
2022-09-07,9.25,9.25,9.25,9.25,0,-75.31765341984233,0.17700738439378227,0.22066600614499848,-0.04365862175121621,55.692458577348894
2022-09-08,9.25,9.25,9.25,9.25,0,-63.405797101448194,0.15972817051962807,0.2084784390199244,-0.048750268500296345,55.692458577348894
2022-09-09,9.25,9.25,9.25,9.25,0,-77.7777777777776,0.14437006084022386,0.1956567633839843,-0.05128670254376044,55.69245857734888
2022-09-12,9.91,9.91,9.91,9.91,866,229.34472934472987,0.1833416836174404,0.19319374743067552,-0.009852063813235112,73.08896402740258
2022-09-13,9.25,9.25,9.25,9.25,1728,-66.66666666666679,0.15913606974070227,0.18638221189268087,-0.027246142151978597,51.36861129536552
2022-09-14,9.25,9.25,9.25,9.25,0,-58.33333333333319,0.1383580409798313,0.17677737771011096,-0.03841933673027967,51.36861129536553
2022-09-15,9.25,9.25,9.25,9.25,24,-51.85185185185212,0.1205022288055897,0.1655223479292067,-0.045020119123617,51.36861129536553
2022-09-16,9.25,9.25,9.25,9.25,9,-46.666666666666714,0.10513938760006525,0.1534457558633784,-0.048306368263313165,51.36861129536552
2022-09-19,9.25,9.25,9.25,9.25,0,-42.42424242424225,0.09190480389089295,0.14113756546888132,-0.049232761577988365,51.36861129536553
2022-09-20,9.25,9.25,9.25,9.25,0,-38.88888888888911,0.08048847985788576,0.12900774834668222,-0.04851926848879645,51.36861129536553
2022-09-21,8.34,8.34,8.34,8.34,3066,-466.6666666666685,-0.0019657737845903966,0.1028130439204277,-0.1047788177050181,31.338064785830323
2022-09-22,8.34,8.34,8.34,8.34,0,-233.33333333333434,-0.06654428277758839,0.06894157858082448,-0.13548586135841287,31.338064785830323
2022-09-23,8.34,8.34,8.34,8.34,0,-155.55555555555543,-0.11638164130170381,0.03187693460431882,-0.14825857590602262,31.338064785830323
2022-09-26,8.34,8.34,8.34,8.34,0,-116.66666666666674,-0.15410171830718689,-0.005318795977982321,-0.14878292232920456,31.338064785830323
2022-09-27,9.16,9.16,9.16,9.16,2300,21.83729748362636,-0.11648523484074502,-0.02755208375053486,-0.08893315109021016,53.374097838772606
2022-09-28,9.16,9.16,9.16,9.16,0,23.13848295059157,-0.08568616392155981,-0.03917889978473985,-0.04650726413681996,53.374097838772606
2022-09-29,9.16,9.16,9.16,9.16,0,24.46434843695127,-0.06057935720229324,-0.04345899126825053,-0.01712036593404271,53.374097838772606
2022-09-30,9.16,9.16,9.16,9.16,0,36.57513348588876,-0.04021841909229984,-0.04281087683306039,0.0025924577407605495,53.374097838772606
2022-10-03,9.16,9.16,9.16,9.16,0,38.169556840077234,-0.023807787591966445,-0.0390102589848416,0.015202471392875158,53.37409783877261
2022-10-04,9.16,9.16,9.16,9.16,0,39.797507788162186,-0.010679141401199743,-0.03334403546811323,0.022664894066913487,53.374097838772606
2022-10-05,9.16,9.25,9.16,9.25,1200,51.83665494333751,0.006908021755682725,-0.025293624023354038,0.03220164577903677,55.80266551738335
2022-10-06,9.33,9.33,9.33,9.33,100,71.13821138211398,0.026990180676254028,-0.014836863083432423,0.04182704375968645,57.90170050247932
2022-10-07,9.25,9.25,9.25,9.25,200,55.962059620596385,0.03603471908209954,-0.004662546650326029,0.040697265732425575,55.08437696196646
2022-10-10,8.42,8.42,8.34,8.34,300,-89.69042225707094,-0.02988234876610818,-0.00970650707348246,-0.02017584169262572,34.512974978792776
2022-10-11,8.34,8.34,8.34,8.34,0,-94.24406110239833,-0.08118623555582971,-0.02400245276995191,-0.0571837827858778,34.512974978792776
2022-10-12,8.34,8.34,8.34,8.34,6,-94.24406110239833,-0.12045638918816692,-0.04329324005359491,-0.077163149134572,34.512974978792776
2022-10-13,8.34,8.34,8.34,8.34,0,-94.24406110239833,-0.1498508811885646,-0.06460476828058885,-0.08524611290797575,34.512974978792776
2022-10-14,8.34,8.34,8.34,8.34,0,-94.24406110239833,-0.1711730514887222,-0.08591842492221552,-0.08525462656650667,34.51297497879278
2022-10-17,8.34,8.34,8.34,8.34,0,-78.48484848484827,-0.18592776552458723,-0.10592029304268986,-0.08000747248189737,34.51297497879278
2022-10-18,8.34,8.34,8.34,8.34,0,-67.25598526703493,-0.1953688917290446,-0.12381001277996082,-0.07155887894908378,34.51297497879278
2022-10-19,8.34,8.34,8.34,8.34,1,-58.854831843337635,-0.20053935936240563,-0.13915588209644977,-0.06138347726595586,34.51297497879278
2022-10-20,8.26,8.26,8.26,8.26,100,-63.93651850618741,-0.20868671309951203,-0.15306204829706221,-0.05562466480244982,32.57795551977093
2022-10-21,8.26,8.26,8.26,8.26,614,-58.588807785888186,-0.2126917712912686,-0.1649879928959035,-0.047703778395365104,32.57795551977093
2022-10-24,8.26,8.26,8.26,8.26,1000,-55.10712506228224,-0.21340579954644667,-0.17467155422601213,-0.03873424532043454,32.57795551977093
2022-10-25,8.26,8.26,8.26,8.26,0,-54.40896997339452,-0.2115332484694914,-0.18204389307470797,-0.029489355394783423,32.57795551977093
2022-10-26,8.26,8.26,8.26,8.26,0,-63.35245379222464,-0.2076555147371799,-0.18716621740720235,-0.020489297329977563,32.57795551977093
2022-10-27,8.26,8.26,8.26,8.26,0,-77.77777777778407,-0.20225095965076,-0.19018316585591388,-0.012067793794846127,32.57795551977093
2022-10-28,8.26,8.26,8.26,8.26,0,-66.66666666667112,-0.19571176737905382,-0.19128888616054188,-0.004422881218511948,32.57795551977094
2022-10-31,8.67,8.67,8.26,8.26,1900,140.18018018017702,-0.18835813505929444,-0.19070273594029238,0.0023446008809979435,32.57795551977094
2022-11-01,8.67,8.67,8.67,8.67,1100,337.5586854460064,-0.14774365805595835,-0.18211092036342558,0.03436726230746723,55.638882294779165
2022-11-02,8.67,8.67,8.67,8.67,2000,217.7994655512915,-0.11423951045441605,-0.16853663838162367,0.05429712792720762,55.638882294779165
2022-11-03,8.67,8.67,8.67,8.67,1000,151.8013291360586,-0.08668794739959473,-0.1521669001852179,0.06547895278562316,55.638882294779165
2022-11-04,8.67,8.67,8.67,8.67,0,116.66666666666517,-0.06411406811277409,-0.13455633377072912,0.07044226565795503,55.638882294779165
2022-11-07,8.67,8.67,8.67,8.67,1,93.33333333333181,-0.04569733570158796,-0.11678453415690089,0.07108719845531293,55.638882294779165
2022-11-08,8.67,8.67,8.67,8.67,0,77.77777777777696,-0.03074750448824659,-0.09957712822317002,0.06882962373492343,55.63888229477916
2022-11-09,8.67,8.67,8.67,8.67,3,66.6666666666658,-0.018684274853997707,-0.08339855754933556,0.06471428269533785,55.638882294779165
2022-11-10,8.67,8.67,8.67,8.67,0,58.333333333332945,-0.009020100355892069,-0.06852286611064687,0.0595027657547548,55.63888229477916
2022-11-11,9.08,9.08,9.08,9.08,100,175.4137115839243,0.0313608922036579,-0.048546114447785914,0.07990700665144382,72.59634323213582
2022-11-14,9.08,9.08,9.08,9.08,0,163.681592039801,0.06264103290184053,-0.02630868497786062,0.08894971787970116,72.59634323213582
2022-11-15,9.08,9.08,9.08,9.08,0,155.55555555555486,0.08643440771777477,-0.0037600664387335385,0.09019447415650832,72.59634323213582
2022-11-16,9.08,9.08,9.08,9.08,100,116.66666666666669,0.10409093319786145,0.01781013348858546,0.08628079970927599,72.59634323213582
2022-11-17,9.08,9.08,9.08,9.08,66,93.33333333333368,0.11673817187088886,0.037595741165046145,0.07914243070584272,72.59634323213582
2022-11-18,9.08,9.08,9.08,9.08,0,77.77777777777798,0.12531662756205364,0.05513991844444764,0.070176709117606,72.59634323213582
2022-11-21,9.08,9.08,9.08,9.08,2,66.66666666666667,0.1306095301398944,0.07023384078353699,0.06037568935635741,72.59634323213582
2022-11-22,9.08,9.08,9.08,9.08,0,58.33333333333319,0.13326796344002645,0.08284066531483489,0.05042729812519156,72.59634323213582
2022-11-23,9.08,9.08,9.08,9.08,0,51.85185185185206,0.1338320583225805,0.09303894391638401,0.040793114406196485,72.59634323213582
2022-11-24,9.08,9.08,9.08,9.08,0,46.666666666666735,0.13274886134084696,0.1009809274012766,0.031767933939570364,72.59634323213582
2022-11-25,9.08,9.08,9.08,9.08,0,42.424242424242344,0.13038739520027853,0.10686222096107698,0.023525174239201557,72.59634323213582
2022-11-28,9.08,9.08,9.08,9.08,0,38.888888888889284,0.12705134742404667,0.11090004625367092,0.016151301170375748,72.59634323213582
2022-11-29,9.08,9.08,9.08,9.08,0,35.89743589743624,0.12298975617572871,0.11331798823808248,0.009671767937646236,72.59634323213582
2022-11-30,9.08,9.08,9.08,9.08,0,0.0,0.1184060051273228,0.11433559161593054,0.004070413511392257,72.59634323213582
2022-12-01,9.08,9.08,9.08,9.08,20,0.0,0.11346539099962705,0.11416155149266985,-0.0006961604930428023,72.59634323213582
2022-12-02,9.08,9.08,9.08,9.08,0,0.0,0.10830148658619443,0.11298953851137476,-0.004688051925180334,72.59634323213582
2022-12-05,9.08,9.08,9.08,9.08,0,0.0,0.10302148755474505,0.11099592832004881,-0.007974440765303764,72.59634323213582
2022-12-06,9.08,9.08,9.08,9.08,0,0.0,0.09771070213062139,0.10833888308216333,-0.010628180951541943,72.59634323213582
2022-12-07,9.08,9.08,9.08,9.08,0,0.0,0.09243631808459263,0.1051583700826492,-0.012722051998056566,72.59634323213582
2022-12-08,9.08,9.08,9.08,9.08,200,0.0,0.08725056057748048,0.10157680818161545,-0.014326247604134965,72.59634323213582
2022-12-09,9.08,9.08,9.08,9.08,0,0.0,0.08219333676902885,0.09770011389909813,-0.015506777130069288,72.59634323213584
2022-12-12,9.08,9.08,9.08,9.08,0,0.0,0.07729444818099651,0.09361898075547781,-0.0163245325744813,72.59634323213582
2022-12-13,9.08,9.08,9.08,9.08,0,0.0,0.07257543919400611,0.08941027244318347,-0.016834833249177367,72.59634323213582
2022-12-14,9.08,9.08,9.08,9.08,0,0.0,0.06805113939856966,0.08513844583426071,-0.01708730643569105,72.59634323213582
2022-12-15,9.08,9.08,9.08,9.08,0,0.0,0.06373094851156225,0.08085694636972102,-0.01712599785815877,72.59634323213582
2022-12-16,9.08,9.08,9.08,9.08,0,0.0,0.05961990495608305,0.07660953808699342,-0.01698963313091037,72.59634323213582
2022-12-19,9.08,9.08,9.08,9.08,0,0.0,0.055719572769241665,0.07243154502344307,-0.0167119722542014,72.59634323213582
2022-12-20,9.08,9.08,9.08,9.08,0,0.0,0.05202877606708256,0.06835099123217096,-0.016322215165088402,72.59634323213582
2022-12-21,9.08,9.08,9.08,9.08,0,0.0,0.04854420570422846,0.06438963412658247,-0.015845428422354008,72.59634323213582
2022-12-22,9.08,9.08,9.08,9.08,0,0.0,0.04526091888769734,0.06056389107880544,-0.0153029721911081,72.59634323213582
2022-12-23,9.08,9.08,9.08,9.08,0,0.0,0.04217274922930336,0.05688566270890503,-0.014712913479601665,72.59634323213582
2022-12-26,9.08,9.08,9.08,9.08,0,0.0,0.03927264195586844,0.05336305855829771,-0.014090416602429275,72.59634323213582
2022-12-27,8.67,8.67,8.67,8.67,712,-466.6666666666471,0.003846373955816773,0.04345972163780153,-0.039613347681984754,14.248169003280134
2022-12-28,8.67,8.67,8.67,8.67,0,-233.33333333333098,-0.02395308244258132,0.029977160821724955,-0.053930243264306274,14.248169003280134
2022-12-29,8.67,8.67,8.67,8.67,0,-155.55555555555384,-0.045460313724030144,0.014889665912573935,-0.06034997963660408,14.248169003280134
2022-12-30,8.67,8.67,8.67,8.67,0,-116.66666666666649,-0.061792642349393745,-0.00044679573981960125,-0.061345846609574144,14.24816900328013
2023-01-03,8.67,8.67,8.67,8.67,0,-93.33333333333296,-0.07388443665873012,-0.015134323923601707,-0.05875011273512842,14.24816900328013
2023-01-04,8.67,8.67,8.67,8.67,0,-77.77777777777798,-0.0825160767967148,-0.028610674498224326,-0.053905402298490473,14.24816900328013
2023-01-05,8.67,8.67,8.67,8.67,0,-66.66666666666667,-0.0883384036649737,-0.0405562203315742,-0.047782183333399494,14.24816900328013
2023-01-06,8.67,8.67,8.67,8.67,0,-58.33333333333319,-0.09189335031486401,-0.050823646328232164,-0.041069703986631845,14.248169003280134
2023-01-09,8.67,8.67,8.67,8.67,0,-51.85185185185206,-0.09363134725919586,-0.059385186514424905,-0.03424616074477096,14.248169003280134
2023-01-10,8.67,8.67,8.67,8.67,0,-46.666666666666735,-0.0939260018764454,-0.066293349586829,-0.027632652289616394,14.248169003280134
2023-01-11,8.67,8.67,8.67,8.67,0,-42.42424242424289,-0.09308647484578358,-0.07165197463861991,-0.02143450020716367,14.248169003280134
2023-01-12,8.67,8.67,8.67,8.67,0,-38.888888888889284,-0.09136791121953003,-0.07559516195480194,-0.01577274926472809,14.248169003280134
2023-01-13,8.67,8.67,8.67,8.67,0,-35.897435897437404,-0.08898022847851017,-0.07827217525954358,-0.01070805321896659,14.248169003280134
2023-01-16,8.67,8.67,8.59,8.67,1502,-466.6666666667671,-0.08609551717453634,-0.07983684364254214,-0.006258673531994205,14.248169003280134
2023-01-17,8.67,8.67,8.67,8.67,0,35.897435897428174,-0.08285427023068692,-0.08044032896017109,-0.0024139412705158347,14.24816900328013
2023-01-18,8.67,8.67,8.67,8.67,0,35.897435897428174,-0.07937062353416025,-0.08022638787496891,0.0008557643408086679,14.248169003280134
2023-01-19,8.67,8.67,8.67,8.67,0,35.897435897428174,-0.0757367621789431,-0.07932846273576374,0.0035917005568206484,14.248169003280134
2023-01-27,8.67,8.67,8.67,8.67,1300,35.897435897428174,-0.072026622801733,-0.07786809474895759,0.005841471947224591,14.248169003280134
2023-01-30,8.67,8.67,8.67,8.67,0,35.897435897428174,-0.06829900223210394,-0.07595427624558686,0.007655274013482913,14.248169003280136
2023-01-31,8.67,8.67,8.67,8.67,0,35.897435897428174,-0.0646001655780406,-0.0736834541120776,0.009083288534037004,14.248169003280136
2023-02-01,8.67,8.67,8.67,8.67,0,35.897435897428174,-0.06096603240943743,-0.07113996977154957,0.01017393736211214,14.24816900328014
2023-02-02,8.67,8.67,8.67,8.67,0,35.897435897428174,-0.05742400747780252,-0.06839677731280017,0.010972769834997648,14.24816900328014
2023-02-03,9.08,9.08,9.08,9.08,300,466.66666666665583,-0.021287959369225007,-0.05897501372408513,0.037687054354860125,83.19810372274061
2023-02-06,9.08,9.08,9.08,9.08,1,233.33333333332925,0.007266357061929796,-0.04572673956688215,0.05299309662881194,83.19810372274063
2023-02-07,9.08,9.08,9.08,9.08,0,155.555555555555,0.02955516501156019,-0.03067035865119368,0.06022552366275387,83.1981037227406
2023-02-08,9.08,9.08,9.08,9.08,0,116.66666666666596,0.046681095285354246,-0.015200067863884096,0.06188116314923834,83.19810372274061
2023-02-09,8.67,8.67,8.67,8.67,300,-45.611200861605,0.026860315923965317,-0.006787991106314213,0.03364830703027953,39.97013608251117
2023-02-10,8.67,8.67,8.67,8.67,0,-46.666666666666735,0.011025114818330906,-0.0032253699213851887,0.014250484739716095,39.97013608251117
2023-02-13,8.67,8.67,8.67,8.67,0,-46.666666666666735,-0.0015070241085162195,-0.002881700758811395,0.0013746766502951754,39.97013608251117
2023-02-14,8.67,8.67,8.67,8.67,0,-46.666666666666735,-0.011308477408940476,-0.004567056088837211,-0.006741421320103265,39.97013608251117
2023-02-15,8.67,8.67,8.67,8.67,0,-46.666666666666735,-0.01885880717526689,-0.007425406306123147,-0.011433400869143743,39.97013608251117
2023-02-16,8.67,8.67,8.67,8.67,5,-46.666666666666735,-0.024559392522956358,-0.010852203549489788,-0.01370718897346657,39.970136082511175
2023-02-17,8.67,8.67,8.67,8.67,0,-46.666666666666735,-0.028745783977436545,-0.014430919635079139,-0.014314864342357406,39.97013608251117
2023-02-20,8.67,8.67,8.67,8.67,0,-46.666666666666735,-0.03169813302037916,-0.017884362312139142,-0.013813770708240018,39.970136082511175
2023-02-21,8.67,8.67,8.67,8.67,0,-46.666666666666735,-0.033649994714759046,-0.021037488792663123,-0.012612505922095923,39.970136082511175
2023-02-22,8.67,8.67,8.67,8.67,0,-46.666666666666735,-0.034795755361756164,-0.023789142106481732,-0.011006613255274432,39.970136082511175
2023-02-23,8.67,8.67,8.67,8.67,0,-42.424242424242344,-0.03529689825769999,-0.026090693336725385,-0.009206204920974608,39.97013608251117
2023-02-24,8.67,8.67,8.67,8.67,0,-38.888888888889284,-0.03528728772594647,-0.027930012214569602,-0.007357275511376868,39.97013608251117
2023-02-27,8.67,8.67,8.67,8.67,0,-35.89743589743624,-0.03487762377399051,-0.029319534526453785,-0.0055580892475367225,39.970136082511175
2023-02-28,9.49,9.49,9.49,9.49,500,466.66666666666237,0.03125390922282989,-0.017204845776597047,0.04845875499942694,83.87688337398713
2023-03-01,9.49,9.49,9.49,9.49,0,233.33333333333306,0.08271019394429402,0.0027781621675811684,0.07993203177671285,83.87688337398713
2023-03-02,9.49,9.49,9.49,9.49,0,155.55555555555586,0.12208238061844057,0.02663900585775305,0.09544337476068751,83.87688337398713
2023-03-03,9.49,9.49,9.49,9.49,0,116.66666666666649,0.1515382832193417,0.05161886133007078,0.09991942188927093,83.87688337398713
2023-03-06,10.32,10.32,9.08,9.08,160300,93.80509672954835,0.14018278487851887,0.0693316460397604,0.07085113883875847,56.22169681179236
2023-03-07,9.08,9.08,9.08,9.08,1102200,15.854258985721453,0.12968850230518392,0.0814030172928451,0.048285485012338814,56.22169681179236
2023-03-08,9.08,9.08,9.08,9.08,0,11.058451816745695,0.11998855439382261,0.08912012471304061,0.030868429680782003,56.22169681179236
2023-03-09,9.08,9.08,9.08,9.08,142000,5.930555555555855,0.11102148917103172,0.09350039760463882,0.017521091566392893,56.22169681179236
2023-03-10,9.08,9.08,9.08,9.08,0,-0.054143945546842,0.10273080856433126,0.09534647979657732,0.007384328767753939,56.22169681179238
2023-03-13,9.08,9.08,9.08,9.08,0,-7.229718474096173,0.09506453961532912,0.09529009176032768,-0.0002255521449985587,56.22169681179236
2023-03-14,9.08,9.08,9.08,9.08,7,-15.599765417061406,0.08797484696736113,0.09382704280173437,-0.005852195834373242,56.22169681179236
2023-03-15,9.08,9.08,9.08,9.08,0,-25.489617163664672,0.0814176821067889,0.09134517066274528,-0.009927488555956376,56.22169681179236
2023-03-16,9.08,9.08,9.08,9.08,1,-37.35454889863053,0.07535246539714535,0.0881466296096253,-0.012794164212479947,56.22169681179236
2023-03-17,9.08,9.08,9.08,9.08,0,-51.85185185185129,0.06974179742922537,0.08446566317354531,-0.014723865744319942,56.22169681179236
2023-03-20,9.08,9.08,9.08,9.08,0,-46.66666666666646,0.0645511966289547,0.08048276986462718,-0.015931573235672486,56.22169681179236
2023-03-21,9.08,9.08,9.08,9.08,0,-42.42424242424203,0.05974886042784355,0.07633598797727045,-0.0165871275494269,56.22169681179236
2023-03-22,9.08,9.08,9.08,9.08,0,-38.888888888888204,0.055305447615827674,0.0721298799049819,-0.01682443228915423,56.22169681179238
2023-03-23,9.08,9.08,9.08,9.08,0,-35.897435897435564,0.05119387977033796,0.06794267987805311,-0.01674880010771515,56.22169681179236
2023-03-24,9.08,9.08,9.08,9.08,0,0.0,0.04738915989400816,0.06383197588124412,-0.01644281598723596,56.22169681179236
2023-03-27,9.08,9.08,9.08,9.08,0,0.0,0.0438682066017968,0.05983922202535465,-0.015971015423557854,56.22169681179238
2023-03-28,9.08,9.08,9.08,9.08,0,0.0,0.04060970238024275,0.055993318096332276,-0.015383615716089524,56.22169681179236
2023-03-29,9.08,9.08,9.08,9.08,0,0.0,0.03759395460118675,0.05231344539730317,-0.014719490796116418,56.22169681179236
2023-03-30,9.08,9.08,9.08,9.08,0,0.0,0.03480276811217031,0.0488113099402766,-0.014008541828106284,56.22169681179236
2023-03-31,9.08,9.08,9.08,9.08,0,0.0,0.032219328348841,0.04549291362198948,-0.013273585273148474,56.22169681179236
2023-04-03,9.08,9.08,9.08,9.08,0,0.0,0.029828094023169882,0.042359949702225556,-0.012531855679055674,56.22169681179236
2023-04-04,9.08,9.08,9.08,9.08,1,0.0,0.027614698536980953,0.039410899469176634,-0.011796200932195681,56.22169681179238
2023-04-05,9.08,9.08,9.08,9.08,6,0.0,0.02556585935507094,0.0366418914463555,-0.011076032091284556,56.22169681179236
2023-04-06,9.08,9.08,9.08,9.08,0,0.0,0.023669294647248762,0.03404737208653415,-0.010378077439285385,56.22169681179238
2023-04-07,9.08,9.08,9.08,9.08,0,0.0,0.02191364657534045,0.03162062698429541,-0.009706980408954957,56.22169681179236
2023-04-10,9.08,9.08,9.08,9.08,0,0.0,0.02028841066059428,0.029354183719555182,-0.009065773058960901,56.22169681179238
2023-04-11,9.08,9.08,9.08,9.08,0,0.0,0.018783870719859763,0.027240121119616097,-0.008456250399756334,56.22169681179236
2023-04-12,9.08,9.08,9.08,9.08,0,0.0,0.017391038906238165,0.02527030467694051,-0.007879265770702346,56.22169681179236
2023-04-13,9.08,9.08,9.08,9.08,0,0.0,0.016101600432246954,0.0234365638280018,-0.0073349633957548455,56.22169681179238
2023-04-14,9.08,9.08,9.08,9.08,0,0.0,0.014907862591572396,0.02173082358071592,-0.0068229609891435235,56.22169681179238
2023-04-17,9.08,9.08,9.08,9.08,0,0.0,0.013802707729601238,0.020145200410492982,-0.006342492680891744,56.22169681179236
2023-04-18,9.08,9.08,9.08,9.08,0,0.0,0.012779549843674687,0.018672070297129324,-0.005892520453454637,56.22169681179238
2023-04-19,9.08,9.08,9.08,9.08,0,0.0,0.01183229452172263,0.017304115142047986,-0.005471820620325356,56.22169681179236
2023-04-20,9.08,9.08,9.08,9.08,0,0.0,0.0109553019529951,0.01603435250423741,-0.00507905055124231,56.22169681179236
2023-04-21,9.08,9.08,9.08,9.08,0,0.0,0.010143352767206792,0.014856152556831287,-0.004712799789624494,56.22169681179236
2023-04-24,9.08,9.08,9.08,9.08,0,0.0,0.009391616478998444,0.013763245341264718,-0.004371628862266275,56.22169681179238
2023-04-25,9.08,9.08,9.08,9.08,0,0.0,0.008695622333206643,0.012749720739653103,-0.004054098406446461,56.22169681179236
2023-04-26,9.08,9.08,9.08,9.08,0,0.0,0.008051232363333938,0.011810023064389271,-0.0037587907010553333,56.22169681179238
2023-04-27,9.08,9.08,9.08,9.08,0,0.0,0.007454616491058275,0.010938941749723072,-0.003484325258664798,56.22169681179238
2023-04-28,9.08,9.08,9.08,9.08,0,0.0,0.00690222950860786,0.01013159930150003,-0.0032293697928921696,56.22169681179236
2023-05-04,9.08,9.08,9.08,9.08,0,0.0,0.0063907897986137385,0.009383437400922772,-0.0029926476023090336,56.22169681179238
2023-05-05,9.08,9.08,9.08,9.08,0,0.0,0.0059172596577514724,0.008690201852288512,-0.0027729421945370397,56.22169681179238
2023-05-08,9.08,9.08,9.08,9.08,300,0.0,0.005478827101145001,0.00804792690205981,-0.0025690998009148085,56.22169681179238
2023-05-09,9.08,9.08,9.08,9.08,0,0.0,0.005072889034277495,0.007452919328503347,-0.002380030294225852,56.22169681179238
2023-05-10,9.08,9.08,9.08,9.08,0,0.0,0.004697035688050022,0.006901742600412682,-0.00220470691236266,56.22169681179236
2023-05-11,9.08,9.08,9.08,9.08,0,0.0,0.00434903622091376,0.0063912013245128975,-0.0020421651035991374,56.22169681179238
2023-05-12,9.08,9.08,9.08,9.08,1700,0.0,0.0040268253994142356,0.005918326139493165,-0.0018915007400789295,56.22169681179238
2023-05-15,9.08,9.08,9.08,9.08,19,0.0,0.003728491275454715,0.005480359166685475,-0.00175186789123076,56.22169681179236
2023-05-16,9.08,9.08,9.08,9.08,0,0.0,0.0034522637848830584,0.005074740090324992,-0.0016224763054419333,56.22169681179238
2023-05-17,9.08,9.08,9.08,9.08,0,0.0,0.0031965041978558872,0.004699092911831171,-0.0015025887139752834,56.22169681179238
2023-05-18,9.08,9.08,9.08,9.08,0,0.0,0.002959695356761216,0.004351213400817179,-0.0013915180440559633,56.22169681179238
2023-05-19,9.08,9.08,9.08,9.08,19,0.0,0.00274043264243673,0.00402905724914109,-0.0012886246067043599,56.221696811792384
2023-05-22,9.08,9.08,9.08,9.08,0,0.0,0.002537415613920402,0.003730728922096952,-0.0011933133081765504,56.221696811792384
2023-05-23,9.08,9.08,9.08,9.08,1801,0.0,0.002349440271192549,0.0034544711919160713,-0.0011050309207235225,56.221696811792384
2023-05-24,9.08,9.08,9.08,9.08,4,0.0,0.0021753918941698203,0.003198655332366821,-0.0010232634381970008,56.221696811792384
2023-05-25,9.08,9.08,9.08,9.08,4005,0.0,0.002014238414801639,0.002961771948853785,-0.0009475335340521458,56.221696811792384
2023-05-26,9.08,9.08,9.08,9.08,0,0.0,0.0018650242823650132,0.0027424224155560306,-0.0008773981331910174,56.221696811792384
2023-05-29,9.08,9.08,9.08,9.08,0,0.0,0.0017268647850734453,0.0025393108894595133,-0.000812446104386068,56.22169681179238
2023-05-30,9.08,9.08,9.08,9.08,0,0.0,0.0015989407939187572,0.002351236870351362,-0.000752296076432605,56.22169681179238
2023-05-31,9.08,9.08,9.08,9.08,0,0.0,0.0014804938972137194,0.0021770882757238337,-0.0006965943785101143,56.221696811792384
2023-06-01,9.08,9.08,9.08,9.08,0,0.0,0.001370821896694352,0.0020158349999179373,-0.0006450131032235853,56.22169681179238
2023-06-02,9.08,9.08,9.08,9.08,0,0.0,0.0012692746382043651,0.0018665229275752228,-0.0005972482893708577,56.221696811792384
2023-06-05,9.08,9.08,9.08,9.08,0,0.0,0.0011752501520572167,0.0017282683724716215,-0.0005530182204144048,56.221696811792384
2023-06-06,9.08,9.08,9.08,9.08,700,0.0,0.0010881910799795946,0.001600252913973216,-0.0005120618339936214,56.2216968117924
2023-06-07,8.26,8.26,8.26,8.26,100,-466.66666666666237,-0.06440552404577815,-0.011600902477977057,-0.052804621567801094,0.7331941091229411
2023-06-08,8.34,8.34,8.34,8.34,100,-219.37321937321863,-0.10860253134891096,-0.031001228252163837,-0.07760130309674712,10.059607347306471
2023-06-09,8.34,8.34,8.34,8.34,0,-148.66930171277983,-0.14199218058813123,-0.05319941871935732,-0.08879276186877391,10.059607347306471
2023-06-12,9.08,9.08,9.08,9.08,400,42.42424242424247,-0.10750267864634466,-0.06406007070475479,-0.04344260794158987,55.20695766203271
2023-06-13,9.08,9.08,9.08,9.08,0,42.42424242424247,-0.07925588733985833,-0.0670992340317755,-0.012156653308082827,55.20695766203271
2023-06-14,9.08,9.08,9.08,9.08,0,42.42424242424247,-0.056222009395005657,-0.06492378910442154,0.00870177970941588,55.20695766203271
2023-06-15,9.08,9.08,9.08,9.08,0,42.42424242424247,-0.037534817165905565,-0.05944599471671834,0.021911177550812774,55.20695766203271
2023-06-16,9.08,9.08,9.08,9.08,0,42.42424242424247,-0.022466107389078616,-0.05205001725119039,0.029583909862111776,55.20695766203269
2023-06-19,9.08,9.08,9.08,9.08,0,42.42424242424247,-0.010404114174880519,-0.04372083663592842,0.0333167224610479,55.20695766203271
2023-06-20,9.08,9.08,9.08,9.08,0,42.42424242424247,-0.0008352691874051743,-0.03514372314622377,0.0343084539588186,55.20695766203272
2023-06-21,9.08,9.08,9.08,9.08,0,42.42424242424247,0.006671207873294449,-0.026780736942320124,0.03345194481561457,55.20695766203271
2023-06-22,9.08,9.08,9.08,9.08,0,42.42424242424247,0.01247632570862045,-0.018929324412132006,0.03140565012075246,55.20695766203272
2023-06-23,9.08,9.08,9.08,9.08,0,42.42424242424247,0.016882314602865378,-0.01176699660913253,0.02864931121199791,55.20695766203272
2023-06-26,9.08,9.08,9.08,9.08,0,42.42424242424247,0.02014190915416414,-0.005385215456473195,0.025527124610637334,55.20695766203272
2023-06-27,9.08,9.08,9.08,9.08,149,38.88888888888873,0.02246618512279852,0.00018506465938114905,0.022281120463417372,55.20695766203271
2023-06-28,9.08,9.08,9.08,9.08,0,35.897435897435756,0.024031174156654345,0.004954286558835789,0.019076887597818556,55.20695766203271
2023-06-29,9.08,9.08,9.08,9.08,0,0.0,0.024983445631535872,0.008960118373375806,0.016023327258160067,55.20695766203271
2023-06-30,9.08,9.08,9.08,9.08,0,0.0,0.02544481564027201,0.012257057826755046,0.013187757813516965,55.20695766203269
2023-07-03,9.08,9.08,9.08,9.08,0,0.0,0.025516318460331533,0.014908909953470344,0.010607408506861189,55.20695766203269
2023-07-04,9.16,9.16,9.16,9.16,1000,466.66666666668345,0.03166332131410776,0.01825979222559783,0.013403529088509933,61.963060539317524
2023-07-05,9.16,9.16,9.16,9.16,0,233.3333333333424,0.03611851362046714,0.021831536504571692,0.014286977115895449,61.963060539317524
2023-07-06,9.16,9.16,9.16,9.16,0,155.55555555556217,0.03919744191040131,0.025304717585737616,0.013892724324663694,61.963060539317524
2023-07-07,9.16,9.16,9.16,9.16,0,116.6666666666721,0.04116301316991944,0.02847637670257398,0.012686636467345459,61.963060539317524
2023-07-10,9.91,9.91,9.91,9.91,100,466.6666666666739,0.10206295631432738,0.04319369262492466,0.05886926368940272,86.89256045375421
2023-07-11,9.91,9.91,9.91,9.91,0,233.33333333333334,0.1486134763697553,0.06427764937389079,0.08433582699586452,86.89256045375421
2023-07-12,9.91,9.91,9.91,9.91,0,155.55555555555668,0.18339108067107546,0.08810033563332773,0.09529074503774773,86.89256045375421
2023-07-13,9.91,9.91,9.91,9.91,0,116.66666666666677,0.20854856460320903,0.11218998142730399,0.09635858317590504,86.89256045375421
2023-07-14,9.91,9.91,9.91,9.91,0,93.3333333333339,0.2258822222183774,0.13492842958551868,0.09095379263285872,86.89256045375421
2023-07-17,9.91,9.91,9.91,9.91,0,77.77777777777789,0.2368885668203653,0.155320457032488,0.08156810978787729,86.89256045375421
2023-07-18,9.99,9.99,9.99,9.99,100,78.15679233991641,0.24919395285530754,0.1740951561970519,0.07509879665825564,88.18143212672865
2023-07-19,9.99,9.99,9.99,9.99,0,68.58437935843817,0.255995107693451,0.19047514649633174,0.06551996119711928,88.18143212672864
2023-07-20,9.99,9.99,9.99,9.99,0,61.620409307541635,0.25840632464420743,0.20406138212590688,0.05434494251830055,88.18143212672865
2023-07-21,9.99,9.99,9.99,9.99,0,56.692242114237345,0.25735065331338447,0.2147192363634024,0.04263141694998207,88.18143212672865
2023-07-24,9.99,9.99,9.99,9.99,6,53.41040462427783,0.2535907894124456,0.22249354697321105,0.031097242439234563,88.18143212672865
2023-07-25,9.99,9.99,9.99,9.99,0,52.6722925457107,0.2477551035708263,0.2275458582927341,0.020209245278092203,88.18143212672865
2023-07-26,9.08,9.08,9.0,9.08,991,-250.54896794027042,0.16776697245764005,0.2155900811257153,-0.04782310866807524,32.126457482696416
2023-07-27,9.08,9.08,9.08,9.08,0,-229.22431865827758,0.1031863344349695,0.19310933178756612,-0.08992299735259662,32.126457482696416
2023-07-28,9.08,9.08,9.08,9.08,0,-153.56148182060903,0.05141305581965838,0.16477007659398457,-0.11335702077432619,32.126457482696416
2023-07-31,9.08,9.08,9.08,9.08,66,-115.43582014569112,0.010264042023393927,0.13386886967986644,-0.12360482765647252,32.126457482696416
2023-08-01,9.25,9.25,9.25,9.25,800,-69.32455075980795,-0.008530929378505192,0.10538890986819212,-0.11391983924669731,41.4746434501215
2023-08-02,9.25,9.25,9.25,9.25,0,-58.64279398762139,-0.023159115754596726,0.07967930474363435,-0.10283842049823108,41.474643450121505
2023-08-03,9.25,9.25,9.25,9.25,0,-50.4401071565249,-0.034356023989372986,0.056872238997032885,-0.09122826298640588,41.4746434501215
2023-08-04,9.25,9.25,9.25,9.25,0,-43.818466353677465,-0.04273700880021636,0.03695038943758303,-0.07968739823779938,41.4746434501215
2023-08-07,9.74,9.74,9.74,9.74,300,41.731403013182785,-0.009727956913554436,0.027614720167355538,-0.03734267708090998,61.847004366172676
2023-08-08,9.74,10.49,9.74,10.49,1300,118.85758998435074,0.07607375561204854,0.03730652725629414,0.038767228355754406,75.75713285339147
2023-08-09,9.83,9.83,9.83,9.83,100,55.139755139755174,0.08978080952114453,0.04780138370926422,0.041979425811880314,56.30334913068978
2023-08-10,9.83,9.83,9.83,9.83,9,59.04420549581864,0.0994968111932728,0.058140469206065935,0.04135634198720687,56.303349130689774
2023-08-11,9.83,9.83,9.83,9.83,0,63.22692402870587,0.10597519642136888,0.06770741464912652,0.038267781772242354,56.303349130689774
2023-08-14,10.49,10.49,10.49,10.49,100,159.0625695836116,0.1624927324670704,0.0866644782127153,0.0758282542543551,66.91468160513641
2023-08-15,10.49,10.49,10.49,10.49,0,130.64949006977997,0.20492108426963185,0.11031579942409861,0.09460528484553324,66.91468160513641
2023-08-16,10.49,10.73,9.49,9.49,700,35.80367831102419,0.1560553076560307,0.11946370107048503,0.03659160658554568,46.90092513525577
2023-08-17,9.49,9.49,9.49,9.49,0,-38.06058454620758,0.11599174697408188,0.1187693102512044,-0.002777563277122516,46.90092513525577
2023-08-18,9.49,9.49,9.49,9.49,0,-47.283806560352794,0.08328107410960328,0.11167166302288417,-0.02839058891328089,46.90092513525577
2023-08-21,9.91,9.91,9.74,9.83,600,10.024467472653798,0.0838264891119671,0.10610262824070076,-0.02227613912873365,52.88502860284541
2023-08-22,9.83,9.83,9.83,9.83,0,2.300594109467625,0.0832985209330559,0.10154180677917178,-0.018243285846115884,52.88502860284541
2023-08-23,10.56,10.56,10.56,10.56,100,141.94706146253924,0.14016921799022874,0.10926728902138318,0.03090192896884557,63.209375885708766
2023-08-24,11.02,11.02,11.02,11.02,203,176.0110041265472,0.21982381861348088,0.13137859493980272,0.08844522367367816,67.97206530949492
2023-08-25,10.1,10.1,10.1,10.1,600,6.263087759375387,0.20633584111188696,0.14637004417421956,0.059965796937667404,53.15201923844367
2023-08-28,10.93,10.93,10.93,10.93,100,130.52011776251197,0.25962775798542914,0.16902158693646147,0.09060617104896768,61.341230306151914
2023-08-29,10.93,10.93,10.93,10.93,100,105.5019022534387,0.29842196342213256,0.19490166223359567,0.10352030118853689,61.34123030615191
2023-08-30,9.92,10.83,9.92,10.74,300,36.88383316097896,0.3102587686682998,0.21797308352053651,0.09228568514776331,58.6207389400613
2023-08-31,10.74,10.74,10.74,10.74,0,63.131538499677625,0.31599690646893563,0.23757784811021634,0.07841905835871929,58.6207389400613
2023-09-05,10.74,10.74,10.74,10.74,0,58.56841297255802,0.3168914941307559,0.25344057731432423,0.06345091681643167,58.6207389400613
2023-09-06,10.74,10.74,10.74,10.74,0,54.291556299084355,0.31398108282157366,0.2655486784157741,0.048432404405799545,58.6207389400613
2023-09-07,10.74,10.74,10.74,10.74,3,48.10506930309205,0.30812271404291103,0.2740634855412015,0.034059228501709504,58.6207389400613
2023-09-08,10.74,10.74,10.74,10.74,0,42.60620915032697,0.30002145401355484,0.27925507923567217,0.02076637477788268,58.6207389400613
2023-09-11,10.74,10.74,10.74,10.74,5,35.488767455980664,0.2902552650559258,0.28145511639972287,0.008800148656202933,58.62073894006129
2023-09-12,10.74,10.74,10.74,10.74,0,27.39372268573747,0.27929594020244686,0.28102328116026765,-0.0017273409578207888,58.62073894006129
2023-09-13,10.74,10.74,10.74,10.74,2,13.762287756925376,0.26752671485909474,0.27832396790003305,-0.010797253040938315,58.62073894006129
2023-09-14,10.74,10.74,10.74,10.74,0,8.743475018642911,0.2552570743210367,0.2737105891842338,-0.018453514863197074,58.6207389400613
2023-09-15,10.74,10.74,10.74,10.74,0,20.676838810642344,0.24273519555964107,0.26751551045931526,-0.024780314899674194,58.6207389400613
2023-09-18,10.74,10.74,10.74,10.74,0,-12.637604579481298,0.23015839373165647,0.2600440871137835,-0.029885693382127043,58.6207389400613
2023-09-19,10.74,10.74,10.74,10.74,0,7.422133863486378,0.2176818863880019,0.2515716469686272,-0.03388976058062532,58.62073894006129
2023-09-20,10.74,10.74,10.74,10.74,0,35.89743589743562,0.2054261397639099,0.24234254552768375,-0.03691640576377386,58.62073894006129
2023-09-21,10.74,10.74,10.74,10.74,0,66.66666666666667,0.19348302044573096,0.2325706405112932,-0.03908762006556224,58.62073894006129
2023-09-22,10.74,10.74,10.74,10.74,0,66.66666666666667,0.18192094097484102,0.22244070060400276,-0.04051975962916174,58.62073894006129
2023-09-25,10.74,10.74,10.74,10.74,0,66.66666666666667,0.17078915858625443,0.21211039220045308,-0.04132123361419865,58.62073894006129
2023-09-26,10.74,10.74,10.74,10.74,0,66.66666666666667,0.16012136146031075,0.20171258605242462,-0.04159122459211387,58.62073894006129
2023-09-27,10.74,10.74,10.74,10.74,0,66.66666666666667,0.14993865588915511,0.1913578000197707,-0.04141914413061559,58.62073894006129
2023-09-28,10.74,10.74,10.74,10.74,0,66.66666666666667,0.14025205003267516,0.1811366500223516,-0.040884599989676446,58.62073894006129
2023-09-29,10.1,10.1,10.1,10.1,1200,-466.6666666666639,0.0800103839054298,0.16091139679896724,-0.08090101289353743,35.36311243229578
2023-10-02,10.47,10.65,10.47,10.65,600,-64.4866385372694,0.07577534196635938,0.14388418583244567,-0.06810884386608629,52.722546957890614
2023-10-03,10.65,10.65,10.65,10.65,0,-18.31955922864912,0.07159375250450672,0.12942609916685788,-0.05783234666235115,52.722546957890614
2023-10-04,10.65,10.65,10.65,10.65,1,-13.951890034364425,0.0675016952052836,0.11704121837454302,-0.04953952316925943,52.7225469578906
2023-10-05,9.64,9.64,9.64,9.64,101,-307.19341563786185,-0.017043383250863187,0.09022429804946178,-0.10726768130032496,32.62570613212129
2023-10-06,9.64,9.64,9.64,9.64,65,-188.67217630854032,-0.0830881782435604,0.05556180279085734,-0.13864998103441775,32.625706132121294
2023-10-09,10.56,10.56,10.56,10.56,100,13.037136766520788,-0.06049548852851139,0.03235034452698359,-0.09284583305549499,51.9676800790303
2023-10-10,10.56,10.56,10.56,10.56,0,16.15815335390248,-0.04210525597651049,0.017459224426284774,-0.059564480402795265,51.96768007903031
2023-10-11,10.56,10.56,10.56,10.56,2,19.396903015485083,-0.027217122142589645,0.00852395511250989,-0.035741077255099535,51.96768007903031
2023-10-12,10.56,10.56,10.56,10.56,300,22.76017562596441,-0.015242463188462452,0.003770671452315421,-0.019013134640777873,51.96768007903031
2023-10-13,10.56,10.56,10.56,10.56,0,26.255293405928295,-0.005686904598322329,0.001879156242187871,-0.0075660608405102,51.96768007903031
2023-10-16,10.56,10.56,10.56,10.56,0,29.89016413673925,0.001864452184246801,0.001876215430599657,-1.1763246352856005e-05,51.96768007903031
2023-10-17,9.55,9.55,9.55,9.55,100,-151.06751298326608,-0.07281029053236487,-0.01306108576199325,-0.05974920477037163,34.839264484755525
2023-10-18,9.55,9.55,9.55,9.55,0,-117.22180482511088,-0.13048639618746094,-0.03654614784708679,-0.09394024834037415,34.83926448475552
2023-10-19,9.55,9.55,9.55,9.55,0,-98.5739750445631,-0.1741872037954426,-0.06407435903675796,-0.11011284475868466,34.839264484755525
2023-10-20,9.55,9.55,9.55,9.55,20,-81.85092823496822,-0.2064406889151389,-0.09254762501243415,-0.11389306390270475,34.839264484755525
2023-10-23,9.55,9.55,9.55,9.55,200,-70.10506208213918,-0.22935791299564023,-0.11990968260907536,-0.10944823038656487,34.839264484755525
2023-10-24,9.55,9.55,9.55,9.55,4,-61.43459915611805,-0.24469923769693658,-0.1448675936266476,-0.09983164407028897,34.839264484755525
2023-10-25,9.92,9.92,9.92,9.92,100,-13.67745698454353,-0.22441452926978123,-0.16077698075527433,-0.0636375485145069,45.167184361011465
2023-10-26,9.92,9.92,9.92,9.92,0,-17.16621253406007,-0.20596452090924977,-0.16981448878606942,-0.03615003212318035,45.16718436101147
2023-10-27,9.92,9.92,9.92,9.92,0,-11.461988304093339,-0.18916221212639073,-0.1736840334541337,-0.015478178672257037,45.16718436101147
2023-10-30,9.92,9.92,9.92,9.92,0,-4.601701469450517,-0.17384231536345318,-0.17371568983599758,-0.0001266255274555983,45.167184361011465
2023-10-31,9.92,9.92,9.92,9.92,0,4.781420765027505,-0.15985843823735202,-0.17094423951626847,0.011085801278916452,45.16718436101147
2023-11-01,9.92,9.92,9.92,9.92,0,17.243186582809578,-0.14708066056604885,-0.16617152372622454,0.019090863160175692,45.16718436101147
2023-11-02,10.1,10.1,9.92,9.92,1102,50.151791135397865,-0.13539344831000122,-0.16001590864297988,0.024622460332978657,45.16718436101147
2023-11-03,9.92,9.92,9.92,9.92,0,55.629139072847984,-0.12469385525115939,-0.15295149796461577,0.028257642713456377,45.16718436101147
2023-11-06,10.01,10.01,10.01,10.01,200,79.38697318007729,-0.1077104834215703,-0.14390329505600669,0.036192811634436384,48.74240893278423
2023-11-07,10.01,10.01,10.01,10.01,0,74.0270727580374,-0.09317695297477968,-0.13375802663976127,0.04058107366498159,48.74240893278424
2023-11-08,10.01,10.01,10.01,10.01,0,72.12121212121261,-0.08072843820336573,-0.12315210895248216,0.04242367074911643,48.742408932784244
2023-11-09,10.01,10.01,10.01,10.01,0,75.85733882030215,-0.07005534613797515,-0.11253275638958075,0.042477410251605605,48.74240893278424
2023-11-10,10.1,10.1,10.1,10.1,2000,152.23171889838792,-0.05371539826750649,-0.1007692847651659,0.04705388649765942,52.87526633956578
2023-11-13,10.1,10.1,10.1,10.1,100,148.71794871795058,-0.04030130351693906,-0.08867568851552053,0.048374384998581474,52.8752663395658
2023-11-14,10.1,10.1,10.1,10.1,0,123.80952380952458,-0.029332411008468284,-0.07680703301411008,0.0474746220056418,52.87526633956578
2023-11-15,10.1,10.1,10.1,10.1,0,107.33333333333644,-0.020404276866406335,-0.06552648178456934,0.045122204918163,52.87526633956578
2023-11-16,10.1,10.1,10.1,10.1,200,93.33333333333836,-0.013176772602781384,-0.05505653994821175,0.04187976734543036,52.87526633956578
2023-11-17,10.1,10.1,10.1,10.1,0,77.77777777778125,-0.007364035386519419,-0.04551803903587328,0.03815400364935386,52.87526633956578
2023-11-20,10.1,10.1,10.1,10.1,0,66.6666666666692,-0.0027259759106836867,-0.03695962641083536,0.034233650500151674,52.875266339565776
2023-11-21,10.1,10.1,10.1,10.1,0,58.33333333333526,0.000938896623498664,-0.029379921803968555,0.03031881842746722,52.875266339565776
2023-11-22,10.1,10.1,10.1,10.1,11,51.85185185185344,0.0037995358269338197,-0.02274403027778808,0.0265435661047219,52.87526633956578
2023-11-23,10.1,10.1,10.1,10.1,2000,46.66666666667021,0.005997477814503327,-0.016995728659329797,0.022993206473833124,52.875266339565776
2023-11-24,10.1,10.1,10.1,10.1,0,42.424242424245975,0.007651164809725941,-0.012066349965518648,0.01971751477524459,52.87526633956578
2023-11-27,10.1,10.1,10.1,10.1,100,38.88888888889292,0.008859595762569228,-0.007881160819901072,0.0167407565824703,52.87526633956578
2023-11-28,10.1,10.1,10.1,10.1,0,35.897435897442,0.009705408095848966,-0.0043638470367510646,0.014069255132600031,52.87526633956578
2023-11-29,10.1,10.1,10.1,10.1,0,66.66666666666667,0.010257478635075756,-0.0014395819023857001,0.011697060537461456,52.87526633956578
2023-11-30,10.1,10.1,10.1,10.1,0,66.66666666666667,0.010573118189912023,0.0009629581160738444,0.009610160073838178,52.8752663395658
2023-12-01,10.1,10.1,10.1,10.1,0,66.66666666666667,0.010699922762048786,0.0029103510452688328,0.0077895717167799534,52.87526633956578
2023-12-04,10.1,10.1,10.1,10.1,18,66.66666666666667,0.010677334631818525,0.0044637477625787715,0.006213586869239753,52.87526633956578
2023-12-05,10.1,10.1,10.1,10.1,0,66.66666666666667,0.010537958351646282,0.005678589880392273,0.004859368471254008,52.87526633956578
2023-12-06,9.64,9.64,9.18,9.18,4000,-466.66666666665503,-0.0630816436724384,-0.008073456830173863,-0.055008186842264536,12.80680546079964
2023-12-07,9.18,9.18,9.18,9.18,0,-258.0808080808072,-0.12004193991726275,-0.03046715344759164,-0.08957478646967111,12.806805460799644
2023-12-08,9.18,9.92,9.18,9.92,500,-77.48781187266974,-0.10426961429805459,-0.045227645617684234,-0.05904196868037036,48.91748313400006
2023-12-11,9.92,10.47,9.92,9.92,4200,43.27552434188558,-0.09072412141351194,-0.054326940776849776,-0.03639718063666216,48.917483134000065
2023-12-12,9.92,9.92,9.92,9.92,0,-4.677513073793799,-0.07907766264170668,-0.059277085149821156,-0.019800577491885525,48.917483134000065
2023-12-13,9.92,9.92,9.92,9.92,0,-1.047433787220651,-0.06905177428611431,-0.06123202297707979,-0.00781975130903452,48.91748313400006
2023-12-14,10.01,10.01,10.01,10.01,200,27.69324406573396,-0.05323033156550849,-0.05963168469476553,0.006401353129257034,52.15868220907157
2023-12-15,10.1,10.1,10.1,10.1,100,54.53438831406001,-0.03304851368964279,-0.05431505049374098,0.021266536804098193,55.21863964132427
2023-12-18,10.1,10.1,10.1,10.1,0,54.53438831406001,-0.01685992687875526,-0.046824025770743835,0.029964098891988575,55.21863964132427
2023-12-19,10.1,10.1,10.1,10.1,0,54.53438831406001,-0.003984425224885513,-0.03825610566157217,0.03427168043668666,55.21863964132427
2023-12-20,10.1,10.1,10.1,10.1,0,54.53438831406001,0.006148625076294323,-0.02937515951399887,0.03552378459029319,55.21863964132427
2023-12-21,10.1,10.1,10.1,10.1,700,54.53438831406001,0.014017554798572363,-0.020696616651484624,0.03471417145005699,55.21863964132429
2023-12-22,10.1,10.1,10.1,10.1,0,54.53438831406001,0.02002292646362136,-0.012552708028463427,0.03257563449208479,55.21863964132427
2023-12-25,10.1,10.1,10.1,10.1,400,54.53438831406001,0.024499808235797005,-0.00514220477561134,0.029642013011408345,55.21863964132429
2023-12-26,10.1,10.1,10.1,10.1,1000,50.05316321105789,0.027728136595925434,0.0014318634986960144,0.02629627309722942,55.21863964132427
2023-12-27,10.1,10.1,10.1,10.1,0,46.41862819539433,0.02994146352655669,0.00713378350426815,0.02280768002228854,55.21863964132429
2023-12-28,10.1,10.1,10.1,10.1,300,42.02508960573663,0.03133433831806087,0.011973894467026694,0.01936044385103418,55.21863964132429
2023-12-29,10.1,10.1,10.1,10.1,0,42.42424242424499,0.03206853551005828,0.01599282267563301,0.01607571283442527,55.21863964132427
2024-01-02,10.1,10.1,10.1,10.1,0,38.88888888889188,0.03227830783415797,0.019249919707338005,0.013028388126819966,55.21863964132427
2024-01-03,10.1,10.1,10.1,10.1,200,35.897435897442,0.0320748154062116,0.021814898847112723,0.010259916559098876,55.21863964132427
2024-01-04,10.1,10.1,10.1,10.1,0,66.66666666666667,0.03154985905490015,0.023761890888670208,0.007787968166229946,55.21863964132427
2024-01-05,10.1,10.1,10.1,10.1,2100,66.66666666666667,0.0307790259129348,0.025165317893523127,0.005613708019411672,55.218639641324266
2024-01-08,10.1,10.1,10.1,10.1,0,66.66666666666667,0.029824338683040352,0.02609712205142657,0.0037272166316137806,55.218639641324266
2024-01-09,10.1,10.1,10.1,10.1,0,66.66666666666667,0.02873648585411459,0.026624994811964176,0.002111491042150415,55.218639641324266
2024-01-10,11.02,11.02,11.02,11.02,100,466.66666666667345,0.10094701157670549,0.04148939816491244,0.05945761341179305,86.4488158234307
2024-01-11,10.56,11.48,10.1,11.48,16210,233.3333333333352,0.19306697319324506,0.07180491317057897,0.1212620600226661,90.14831141924269
2024-01-12,11.94,11.94,11.94,11.94,100,254.54545454545504,0.2997356955629762,0.1173910696490584,0.18234462591391778,92.38664986170953
2024-01-15,10.74,10.74,10.74,10.74,204,50.12345679012402,0.284165769265039,0.15074600957225454,0.13341975969278447,56.39186236778293
2024-01-16,9.73,9.82,9.73,9.82,1800,-87.68376837683732,0.19533843932488715,0.15966449552278106,0.03567394380210609,42.666862046325456
2024-01-17,8.91,9.64,8.91,9.64,500,-129.900300978179,0.10915932396636663,0.14956346121149816,-0.04040413724513153,40.58555216675723
2024-01-18,9.64,9.64,9.64,9.64,1802,-88.27629911280087,0.04039609314169823,0.12772998759753817,-0.08733389445583994,40.585552166757225
2024-01-19,9.64,9.64,9.55,9.55,1100,-87.6063922181691,-0.02111807452027037,0.09796037517397646,-0.11907844969424683,39.46909371068921
2024-01-22,9.64,9.64,9.64,9.64,500,-73.1220657276994,-0.06189278622670891,0.06598974289383938,-0.1278825291205483,41.210715955568375
2024-01-23,9.64,9.64,9.64,9.64,500,-66.75579322638133,-0.09313345452973998,0.03416510340912351,-0.1272985579388635,41.210715955568375
2024-01-24,9.64,9.64,9.64,9.64,2,-60.802759485732075,-0.11654841169559482,0.004022400388179838,-0.12057081208377465,41.210715955568375
2024-01-25,9.55,9.55,9.55,9.55,200,-64.1574220813522,-0.14074476375778033,-0.024931032441012198,-0.11581373131676814,39.7811373745306
2024-01-26,9.55,9.55,9.55,9.55,800,-57.501542034033406,-0.15809809071524406,-0.05156444409585857,-0.10653364661938548,39.781137374530594
2024-01-29,9.55,9.55,9.55,9.55,0,-51.58696720735898,-0.16989231450567566,-0.07523001817782199,-0.09466229632785367,39.781137374530594
2024-01-30,9.55,9.55,9.46,9.46,1000,-54.20094127276444,-0.18437619565765928,-0.09705925367378945,-0.08731694198386983,38.12914153027705
2024-01-31,9.46,9.46,9.46,9.46,0,-56.99128059670119,-0.1936228125641115,-0.11637196545185387,-0.07725084711225765,38.12914153027705
2024-02-01,9.18,9.18,9.18,9.18,1970,-162.4006845128958,-0.22099696754706777,-0.13729696587089665,-0.08370000167617112,33.16049951695243
2024-02-02,9.18,9.18,9.18,9.18,1000,-177.3879142300186,-0.2399254711086769,-0.1578226669184527,-0.0821028041902242,33.16049951695242
2024-02-05,9.18,9.18,9.18,9.18,600,-140.25869687474926,-0.2520213018636852,-0.17666239390749922,-0.075358907956186,33.16049951695241
2024-02-06,9.18,9.18,9.18,9.18,0,-116.51880016899034,-0.25862605471317934,-0.19305512606863523,-0.06557092864454411,33.16049951695241
2024-02-07,9.18,9.18,9.18,9.18,0,-93.33333333333427,-0.2608534131597846,-0.2066147834868651,-0.05423862967291951,33.160499516952406
2024-02-15,9.18,9.18,9.18,9.18,0,-77.77777777777857,-0.25962580609476227,-0.21721698800844452,-0.042408818086317746,33.160499516952406
2024-02-16,9.18,9.18,9.18,9.18,0,-66.66666666666673,-0.25570530704273864,-0.22491465181530335,-0.030790655227435293,33.1604995169524
2024-02-19,9.18,9.18,9.18,9.18,2000,-58.33333333333337,-0.24971967038325893,-0.22987565552889447,-0.01984401485436446,33.1604995169524
2024-02-20,9.18,9.18,9.18,9.18,2000,-51.85185185185249,-0.24218426080237698,-0.23233737658359097,-0.009846884218786017,33.160499516952406
2024-02-21,9.18,9.18,9.18,9.18,2,-46.66666666666741,-0.23352051528114437,-0.23257400432310166,-0.0009465109580427122,33.160499516952406
2024-02-22,9.18,9.18,9.18,9.18,0,-42.42424242424268,-0.22407147801771465,-0.23087349906202426,0.006802021044309603,33.160499516952406
2024-02-23,9.18,9.18,9.18,9.18,0,-38.88888888888937,-0.2141148650276481,-0.22752177225514902,0.01340690722750093,33.160499516952406
2024-02-26,9.18,9.18,9.18,9.18,0,-35.89743589743884,-0.20387404442258017,-0.22279222668863524,0.018918182266055072,33.160499516952406
2024-02-27,9.18,9.18,9.18,9.18,300,-66.66666666666667,-0.1935272585419998,-0.21693923305930815,0.023411974517308337,33.16049951695242
2024-02-28,9.18,9.18,9.18,9.18,0,-66.66666666666667,-0.1832153635239706,-0.21019445915224064,0.026979095628270028,33.16049951695242
2024-02-29,9.18,9.18,9.18,9.18,0,-66.66666666666667,-0.17304831912495722,-0.20276523114678396,0.029716912021826747,33.16049951695242
2024-03-01,9.18,9.18,9.18,9.18,0,-66.66666666666667,-0.16311062543199917,-0.194834310003827,0.03172368457182784,33.16049951695242
2024-03-04,9.18,9.18,9.18,9.18,0,-66.66666666666667,-0.153465872533733,-0.1865606225098082,0.0330947499760752,33.16049951695241
2024-03-05,9.18,9.18,9.18,9.18,0,-66.66666666666667,-0.14416054336803974,-0.1780806066814545,0.03392006331341477,33.16049951695241
2024-03-06,9.18,9.18,9.18,9.18,0,-66.66666666666667,-0.13522718811437073,-0.16950992296803774,0.03428273485366701,33.16049951695241
2024-03-07,9.18,9.18,9.18,9.18,0,-66.66666666666667,-0.12668707003113333,-0.16094535238065685,0.03425828234952352,33.16049951695241
2024-03-08,9.18,9.18,9.18,9.18,0,-66.66666666666667,-0.11855236703109107,-0.1524667553107437,0.033914388279652624,33.16049951695241
2024-03-11,9.18,9.18,9.18,9.18,0,-66.66666666666667,-0.11082800009907956,-0.14413900426841086,0.033311004169331304,33.16049951695241
2024-03-12,10.1,10.1,10.1,10.1,1600,466.6666666666526,-0.030122835122726954,-0.12133577043927408,0.09121293531654713,80.07337139092685
2024-03-13,10.1,10.1,10.1,10.1,0,233.3333333333294,0.033450987410001076,-0.09037841886941905,0.12382940627942013,80.07337139092685
2024-03-14,10.1,10.1,10.1,10.1,0,155.5555555555545,0.08287832999364753,-0.055727069096805734,0.13860539909045327,80.07337139092685
2024-03-15,10.1,10.1,10.1,10.1,0,116.66666666666595,0.12065897355640764,-0.020449860566163054,0.1411088341225707,80.07337139092684
2024-03-18,10.1,10.1,10.1,10.1,0,93.3333333333332,0.14888416183428,0.013416943913925554,0.13546721792035443,80.07337139092684
2024-03-19,10.1,10.1,10.1,10.1,0,77.77777777777796,0.16930122772908796,0.044593800676958034,0.12470742705212992,80.07337139092685
2024-03-20,10.1,10.1,10.1,10.1,0,66.6666666666668,0.18336814570674065,0.07234866968291456,0.11101947602382609,80.07337139092685
2024-03-21,10.1,10.1,10.1,10.1,0,58.33333333333366,0.19229956981223317,0.09633884970877829,0.09596072010345488,80.07337139092685
2024-03-22,10.1,10.1,10.1,10.1,0,51.85185185185215,0.19710567622180974,0.11649221501138458,0.08061346121042516,80.07337139092684
2024-03-25,10.1,10.1,10.1,10.1,0,46.66666666666695,0.1986249256740784,0.13291875714392334,0.06570616853015507,80.07337139092684
2024-03-26,10.1,10.1,10.1,10.1,0,42.42424242424272,0.1975516889124762,0.14584534349763392,0.051706345414842286,80.07337139092685
2024-03-27,10.1,10.1,10.1,10.1,0,38.88888888888924,0.1944595326016767,0.15556818131844247,0.03889135128323423,80.07337139092685
2024-03-28,10.1,10.1,10.1,10.1,0,35.89743589743646,0.18982083996385235,0.16241871304752445,0.0274021269163279,80.07337139092684
2024-03-29,10.1,10.1,10.1,10.1,0,66.66666666666667,0.1840233361597008,0.16673963766995972,0.017283698489741067,80.07337139092685
2024-04-01,10.1,10.1,10.1,10.1,0,66.66666666666667,0.17738400028853007,0.1688685101936738,0.008515490094856276,80.07337139092685
2024-04-02,10.1,10.1,10.1,10.1,0,66.66666666666667,0.17016077132634777,0.16912696242020858,0.0010338089061391886,80.07337139092685
2024-04-03,10.1,10.1,10.1,10.1,0,66.66666666666667,0.16256239226678915,0.16781404838952468,-0.005251656122735537,80.07337139092685
2024-04-04,10.1,10.1,10.1,10.1,0,66.66666666666667,0.15475668340511994,0.16520257539264374,-0.010445891987523798,80.07337139092685
2024-04-05,10.1,10.1,10.1,10.1,0,66.66666666666667,0.1468774906114465,0.1615375584364043,-0.014660067824957795,80.07337139092684
2024-04-08,10.1,10.1,10.1,10.1,0,66.66666666666667,0.13903051630743946,0.15703615001061133,-0.018005633703171875,80.07337139092684
2024-04-09,10.1,10.1,10.1,10.1,0,66.66666666666667,0.13129820861846042,0.15188856173218115,-0.020590353113720733,80.07337139092684
2024-04-10,10.1,10.1,10.1,10.1,0,66.66666666666667,0.12374385691207124,0.14625962076815918,-0.022515763856087945,80.07337139092684
2024-04-11,10.1,10.1,10.1,10.1,0,66.66666666666667,0.11641501888669836,0.14029070039186703,-0.023875681505168667,80.07337139092684
2024-04-12,10.1,10.1,10.1,10.1,0,66.66666666666667,0.10934638489090354,0.13410183729167433,-0.02475545240077079,80.07337139092684
2024-04-15,10.1,10.1,10.1,10.1,0,66.66666666666667,0.10256216868461543,0.12779390357026255,-0.025231734885647117,80.07337139092684
2024-04-16,10.1,10.1,10.1,10.1,0,66.66666666666667,0.09607809993399385,0.1214507428430088,-0.025372642909014947,80.07337139092684
2024-04-17,10.1,10.1,10.1,10.1,0,66.66666666666667,0.08990308196773533,0.1151412106679541,-0.02523812870021877,80.07337139092684
2024-04-19,10.1,10.1,10.1,10.1,0,66.66666666666667,0.08404056838200447,0.10892108221076417,-0.024880513828759707,80.07337139092684
2024-04-22,10.1,10.1,10.1,10.1,0,66.66666666666667,0.07848970368227803,0.10283480650506695,-0.024345102822788914,80.07337139092684
2024-04-23,10.1,10.1,10.1,10.1,0,66.66666666666667,0.07324626605505813,0.09691709841506518,-0.023670832360007055,80.07337139092682
2024-04-24,10.1,10.1,10.1,10.1,0,66.66666666666667,0.06830344436928648,0.09119436760590945,-0.022890923236622965,80.07337139092684
2024-04-25,10.1,10.1,10.1,10.1,0,66.66666666666667,0.0636524764460269,0.08568598937393293,-0.022033512927906035,80.07337139092684
2024-04-26,10.1,10.1,10.1,10.1,0,66.66666666666667,0.0592831713614661,0.08040542577143957,-0.021122254409973465,80.07337139092684
2024-05-02,10.1,10.1,10.1,10.1,1000,66.66666666666667,0.05518433494066777,0.07536120760528521,-0.020176872664617443,80.07337139092684
2024-05-03,10.1,10.1,10.1,10.1,10,66.66666666666667,0.05134411455467891,0.07055778899516395,-0.019213674440485037,80.07337139092684
2024-05-06,10.1,10.1,10.1,10.1,0,66.66666666666667,0.04775027676446442,0.06599628654902404,-0.01824600978455962,80.07337139092684
2024-05-07,10.1,10.1,10.1,10.1,0,66.66666666666667,0.04439042918791891,0.06167511507680301,-0.0172846858888841,80.07337139092684
2024-05-08,10.1,10.1,10.1,10.1,0,66.66666666666667,0.041252196138627184,0.05759053128916784,-0.01633833515054066,80.07337139092684
2024-05-09,10.1,10.1,10.1,10.1,0,66.66666666666667,0.03832335604429815,0.053737096240193905,-0.015413740195895753,80.07337139092684
2024-05-10,9.37,9.37,9.37,9.37,300,-466.66666666665446,-0.022641670879114173,0.03846134281633229,-0.06110301369544646,7.264227179336119
2024-05-13,9.46,9.46,9.46,9.46,2500,-215.45012165449907,-0.06296878119370675,0.018175318014324482,-0.08114409920803123,17.25386744782066
2024-05-14,9.46,9.46,9.46,9.46,0,-146.69078848183173,-0.09384650259467087,-0.0042290461074745885,-0.08961745648719628,17.253867447820664
2024-05-15,9.46,9.46,9.46,9.46,0,-111.11949685534468,-0.11696897374819315,-0.026777031635618304,-0.09019194211257485,17.25386744782066
2024-05-16,9.46,9.46,9.46,9.46,0,-89.3617021276585,-0.13375189019328104,-0.048172003347150855,-0.08557988684613019,17.253867447820664
2024-05-17,10.1,10.1,10.1,10.1,3000,51.85185185185242,-0.09432252968509403,-0.05740210861473949,-0.03692042107035454,59.24509815226219
2024-05-20,10.1,10.1,10.1,10.1,0,51.85185185185242,-0.06235567994580116,-0.05839282288095182,-0.003962857064849334,59.24509815226219
2024-05-21,10.1,10.1,10.1,10.1,0,51.85185185185242,-0.0365998212617864,-0.05403422255711874,0.017434401295332337,59.24509815226219
2024-05-22,10.1,10.1,10.1,10.1,0,51.85185185185242,-0.016003637720045205,-0.04642810558970403,0.030424467869658828,59.24509815226219
2024-05-23,9.37,9.37,9.37,9.37,500,-89.96683250414561,-0.05791826727885052,-0.04872613792753333,-0.009192129351317191,33.31069651985176
2024-05-24,9.37,9.37,9.37,9.37,0,-76.77192982456135,-0.09009732727758646,-0.05700037579754395,-0.033096951480042505,33.31069651985176
2024-05-27,9.27,9.27,9.27,9.27,2500,-84.18956590999596,-0.12225929933041257,-0.07005216050411768,-0.052207138826294894,31.144715327694183
2024-05-28,9.27,9.27,9.27,9.27,0,-75.86063442537699,-0.1460641572141892,-0.08525455984613198,-0.06080959736805722,31.144715327694183
2024-05-29,9.27,9.27,9.27,9.27,0,-70.58011049723756,-0.1630501380950502,-0.10081367549591562,-0.06223646259913458,31.144715327694183
2024-05-30,9.27,9.27,9.27,9.27,200,-68.02906448683026,-0.17450012154193395,-0.11555096470511929,-0.05894915683681466,31.144715327694183
2024-05-31,9.27,9.27,9.27,9.27,0,-63.368747233289234,-0.18148230092006834,-0.1287372319481091,-0.05274506897195924,31.144715327694183
2024-06-03,9.27,9.27,9.27,9.27,0,-58.93782383419667,-0.18488449500926052,-0.1399666845603394,-0.044917810448921125,31.144715327694183
2024-06-04,9.27,9.27,9.27,9.27,0,-54.71976401179925,-0.18544308587675573,-0.14906196482362266,-0.03638112105313307,31.144715327694183
2024-06-05,9.27,9.27,9.27,9.27,10,-50.69958847736618,-0.18376741677434616,-0.15600305521376737,-0.027764361560578793,31.144715327694183
2024-06-06,9.27,9.27,9.27,9.27,0,-46.85828045290498,-0.18036035503571313,-0.1608745151781565,-0.019485839857556614,31.14471532769419
2024-06-07,9.27,9.27,9.27,9.27,0,-44.46721311475403,-0.17563561600931266,-0.16382673534438774,-0.011808880664924915,31.14471532769419
2024-06-10,9.27,9.27,9.27,9.27,0,-42.424242424241726,-0.1699323519172964,-0.16504785865896948,-0.004884493258326905,31.14471532769419
2024-06-11,9.27,9.27,9.27,9.27,0,-38.88888888888889,-0.16352743159543337,-0.16474377324626227,0.0012163416508289004,31.14471532769419
2024-06-12,9.27,9.27,9.27,9.27,0,-35.897435897428686,-0.15664577115414247,-0.1631241728278383,0.006478401673695844,31.14471532769419
2024-06-13,9.46,9.46,9.46,9.46,5900,466.6666666667137,-0.1343123246983815,-0.15736180320194695,0.02304947850356545,47.98513551815432
2024-06-14,10.1,10.1,9.64,9.64,200,360.53997923158045,-0.10092501109687824,-0.1460744447809332,0.04514943368405497,58.37238881813504
2024-06-17,9.64,9.64,9.64,9.64,800,160.428904428909,-0.07361671683818649,-0.13158289919238386,0.05796618235419737,58.37238881813504
2024-06-18,9.64,9.64,9.64,9.64,0,119.66360856269272,-0.05138239265444433,-0.11554279788479596,0.06416040523035163,58.37238881813506
2024-06-19,9.64,9.64,9.64,9.64,100,95.45669984426966,-0.033376783762289364,-0.09910959506029464,0.06573281129800528,58.37238881813504
2024-06-20,9.64,9.64,9.64,9.64,0,79.43262411347627,-0.018889463020432373,-0.08306556865232219,0.06417610563188982,58.37238881813506
2024-06-21,9.64,9.64,9.64,9.64,0,68.0537494581718,-0.007323733515896436,-0.06791720162503703,0.0605934681091406,58.37238881813506
2024-06-24,9.64,9.64,9.64,9.64,0,58.65970409051398,0.0018211968197476835,-0.05396952193608009,0.05579071875582777,58.37238881813504
2024-06-25,9.18,9.18,9.18,9.18,800,-103.4888608659094,-0.02772988279557076,-0.048721594107978224,0.020991711312407464,31.428007725400654
2024-06-26,9.18,9.18,9.18,9.18,0,-97.88617886178854,-0.050566427989389595,-0.049090560884260497,-0.0014758671051290986,31.428007725400654
2024-06-27,9.18,9.18,9.18,9.18,0,-92.64069264069249,-0.06788205253737445,-0.05284885921488329,-0.015033193322491159,31.428007725400658
2024-06-28,9.27,9.27,9.27,9.27,100,-62.88862652499013,-0.0734953532226914,-0.056978158016444916,-0.01651719520624649,38.37873262273936
2024-07-01,9.27,9.27,9.27,9.27,0,-62.88862652499013,-0.07705568449212663,-0.06099366331158126,-0.016062021180545373,38.37873262273937
2024-07-02,9.27,9.27,9.27,9.27,1000,-62.88862652499013,-0.0789669903642789,-0.06458832872212078,-0.01437866164215812,38.37873262273937
2024-07-03,9.27,9.27,9.27,9.27,0,-54.71976401179958,-0.07956454350782671,-0.06758357167926196,-0.011980971828564752,38.37873262273938
2024-07-04,9.27,9.27,9.27,9.27,0,-46.95562435500559,-0.07912599348060212,-0.06989205603953,-0.009233937441072121,38.37873262273937
2024-07-05,9.27,9.27,9.27,9.27,0,-40.96296296296346,-0.0778806794310043,-0.07148978071782486,-0.006390898713179438,38.37873262273937
2024-07-08,9.27,9.27,9.27,9.27,0,-35.558354324097444,-0.07601747691999705,-0.07239531995825929,-0.0036221569617377603,38.37873262273937
2024-07-09,9.27,9.27,9.27,9.27,0,-30.107526881720577,-0.07369140683963593,-0.07265453733453461,-0.0010368695051013177,38.37873262273936
2024-07-10,9.27,9.27,9.27,9.27,0,-23.283793347487943,-0.07102919914887096,-0.07232946969740188,0.0013002705485309213,38.37873262273937
2024-07-11,9.27,9.27,9.27,9.27,0,-9.186351706037717,-0.06813397432962454,-0.07149037062384642,0.0033563962942218806,38.37873262273938
2024-07-12,9.27,9.27,9.27,9.27,0,42.424242424243495,-0.06508918024811017,-0.07021013254869916,0.005120952300588996,38.37873262273937
2024-07-15,10.19,10.19,9.92,9.92,300,466.66666666666254,-0.010110048927858273,-0.058190115824530986,0.04808006689667271,76.783410247873
2024-07-16,9.92,9.92,9.92,9.92,0,215.8956109134062,0.033079983290891235,-0.03993609600144654,0.07301607929233778,76.783410247873
2024-07-17,9.46,9.46,9.46,9.46,100,28.998849252014207,0.029846191060100224,-0.02597963858913719,0.055825829649237414,50.79861848503684
2024-07-18,9.46,9.46,9.46,9.46,0,23.46516007533024,0.026972465625034303,-0.015389217746302891,0.042361683371337194,50.79861848503684
2024-07-19,9.46,9.46,9.46,9.46,0,18.518518518518732,0.024413592812662088,-0.007428655634509895,0.031842248447171984,50.79861848503684
2024-07-22,9.46,9.46,9.46,9.46,0,13.837209302325382,0.02213056034926275,-0.001516812437755366,0.023647372787018117,50.79861848503684
2024-07-23,9.46,9.46,9.46,9.46,0,9.116809116808492,0.02008965958336084,0.0028044819664678755,0.017285177616892966,50.79861848503684
2024-07-24,9.46,9.46,9.46,9.46,0,3.996486605181892,0.018261721267244013,0.005895929826623103,0.01236579144062091,50.79861848503685
2024-07-25,9.46,9.46,9.46,9.46,0,-1.9971469329538043,0.016621465079206033,0.008041036877139689,0.008580428202066344,50.79861848503684
2024-07-26,9.46,9.46,9.46,9.46,0,-8.553274682308253,0.015146945671721923,0.009462218636056136,0.005684727035665787,50.79861848503684
2024-07-29,10.38,10.38,10.38,10.38,100,234.35047951176756,0.08720939404851613,0.025011653718548136,0.062197740329968,77.88206371394621
2024-07-30,10.38,10.38,10.38,10.38,100,161.8254497001982,0.1426747380012916,0.04854427057509683,0.09413046742619477,77.88206371394621
2024-07-31,10.01,10.1,10.01,10.1,2200,76.63862054637893,0.16216838653407883,0.07126909376689324,0.0908992927671856,65.21163593298948
2024-08-01,9.92,9.92,9.92,9.92,500,37.49999999999918,0.161234140951116,0.08926210320373779,0.0719720377473782,58.610367016525466
2024-08-02,9.92,9.92,9.92,9.92,0,39.75195822454229,0.15866475605334074,0.10314263377365837,0.05552212227968237,58.610367016525466
2024-08-05,10.1,10.1,10.1,10.1,700,72.00748129675718,0.16920253419834985,0.11635461385859666,0.05284792033975319,62.95901472989299
2024-08-06,10.1,10.1,10.1,10.1,1100,61.79211469533994,0.17553039417864724,0.12818976992260678,0.047340624256040464,62.95901472989299
2024-08-07,10.1,10.1,10.1,10.1,1000,53.9592522579287,0.1784877728620291,0.13824937051049124,0.04023840235153786,62.95901472989299
2024-08-08,10.1,10.1,10.1,10.1,1200,47.689713322090974,0.17877075874944204,0.1463536481582814,0.03241711059116065,62.95901472989299
2024-08-09,10.2,10.2,10.2,10.2,1100,63.448784082535276,0.18493240571252123,0.15406939966912936,0.030863006043391872,65.65543106502923
2024-08-12,10.2,10.5,10.2,10.5,2400,102.90027810885998,0.21158403902305345,0.1655723275399142,0.04601171148313926,72.19480659246939
2024-08-13,10.1,11.0,10.1,11.0,4000,173.95240181048376,0.2699397740780505,0.18644581684754144,0.08349395723050904,79.276957281043
2024-08-14,11.0,11.0,11.0,11.0,0,201.33899832625218,0.31258384257894,0.21167342199382116,0.10091042058511884,79.27695728104298
2024-08-15,11.0,11.0,11.0,11.0,100,161.53846153846172,0.3424322285260306,0.23782518330026306,0.10460704522576755,79.27695728104298
2024-08-16,11.0,11.0,11.0,11.0,1400,128.26926988000852,0.3619153545127709,0.26264321754276465,0.09927213697000625,79.27695728104298
2024-08-19,11.0,11.0,11.0,11.0,0,103.71743929359884,0.37305552040537115,0.28472567811528593,0.08832984229008523,79.276957281043
2024-08-20,11.0,11.0,11.0,11.0,0,85.83168967784383,0.3775322256442415,0.30328698762107703,0.07424523802316446,79.27695728104298
2024-08-21,11.0,11.0,11.0,11.0,1600,73.58708189158052,0.37673725424285287,0.3179770409454322,0.05876021329742065,79.27695728104298
2024-08-30,11.0,11.0,11.0,11.0,2000,64.74694589877879,0.3718211113586545,0.3287458550280767,0.043075256330577794,79.27695728104298
2024-09-04,11.0,11.0,11.0,11.0,300,58.00376647834306,0.36373215483845733,0.3357431149901528,0.02798903984830453,79.27695728104298
2024-09-23,11.2,11.2,11.1,11.1,2100,75.92400690846303,0.36122676548686883,0.340839845089496,0.020386920397372832,81.14802005351729
2024-09-27,10.0,10.4,10.0,10.4,200,-107.53623188405787,0.29930685342523233,0.33253324675664325,-0.03322639333141092,48.28399489471317
2024-10-14,11.2,11.2,11.0,11.0,1400,58.79752431476613,0.2952464453606982,0.3250758864774542,-0.029829441116756006,62.3564835288286
2024-10-15,11.3,11.3,11.3,11.3,100,127.85388127853948,0.3126322060467679,0.32258715039131697,-0.009954944344549077,67.1671882529629
2024-10-18,11.3,11.3,11.3,11.3,400,147.77777777777828,0.3226907683387399,0.32260787398080154,8.289435793834565e-05,67.1671882529629
2024-10-28,11.3,11.3,11.3,11.3,400,131.85913185913185,0.326894020637706,0.3234651033121824,0.003428917325523584,67.1671882529629
2024-11-07,11.3,11.3,11.3,11.3,1000,105.69800569800535,0.3264618790413092,0.3240644584580078,0.0023974205833013906,67.16718825296289
2024-11-13,10.2,10.2,10.2,10.2,600,-243.6058700209636,0.234653655522294,0.30618229787086504,-0.07152864234857104,41.19996448225249
2024-11-14,9.4,9.4,9.4,9.4,2500,-249.4252873563215,0.09623235612110292,0.2641923095209126,-0.16795995339980968,31.624260430782194
2024-11-18,10.3,10.3,10.3,10.3,300,-78.24987354577652,0.058480826890869864,0.22305001299490407,-0.1645691861040342,46.64756103042498
2024-11-20,10.3,10.3,9.4,9.4,300,-126.90058479532152,-0.04355790201476495,0.16972842999297028,-0.21328633200773522,37.72188049767892
2024-11-22,10.1,10.1,10.1,10.1,100,-65.6078431372549,-0.0671659329007781,0.1223495574142206,-0.1895154903149987,46.32446577592956
2024-11-26,11.0,11.0,11.0,11.0,100,38.15686274509796,-0.013101957863884905,0.0952592543585995,-0.1083612122224844,54.94219226626915
2024-11-28,11.0,11.0,11.0,11.0,100,38.15686274509796,0.029405167397086984,0.082088436966297,-0.05268326956921002,54.94219226626915
2024-12-02,9.9,9.9,9.9,9.9,400,-75.66137566137569,-0.02537591870781597,0.06059556583147441,-0.08597148453929038,44.756472504254674
2024-12-04,10.8,10.8,10.8,10.8,100,20.524691358024796,0.003788482990142228,0.049234149263207974,-0.045445666273065746,52.513424413149835
2024-12-06,10.1,10.1,10.1,10.1,100,-50.60240963855428,-0.029245543975733312,0.033538210615419714,-0.06278375459115303,46.987189074121716
2024-12-12,10.1,10.1,10.1,10.1,2000,-43.43065693430647,-0.05479362158175327,0.015871844175985115,-0.07066546575773838,46.987189074121716
2024-12-26,10.1,10.1,10.1,10.1,300,-37.06720977596757,-0.07418549296445676,-0.0021396232521032586,-0.0720458697123535,46.98718907412171
2024-12-27,10.2,10.2,10.2,10.2,300,-16.09195402298844,-0.08055592788863208,-0.017822884179409023,-0.06273304370922306,47.96423944246986
